LARS_2B
N  1001  R  0.5  6

0  0.5  19.9336  -3.62478
1  0.5055  19.9527  -3.32619
2  0.511  19.9702  -3.02707
3  0.5165  19.986  -2.72748
4  0.522  20.0002  -2.42752
5  0.5275  20.0127  -2.12725
6  0.533  20.0236  -1.82675
7  0.5385  20.0328  -1.5261
8  0.544  20.0404  -1.22539
9  0.5495  20.0463  -0.924678
10  0.555  20.0505  -0.624053
11  0.5605  20.0531  -0.32359
12  0.566  20.0541  -0.0233661
13  0.5715  20.0534  0.276541
14  0.577  20.051  0.576055
15  0.5825  20.047  0.875099
16  0.588  20.0414  1.1736
17  0.5935  20.0341  1.47147
18  0.599  20.0252  1.76865
19  0.6045  20.0146  2.06506
20  0.61  20.0025  2.36061
21  0.6155  19.9887  2.65525
22  0.621  19.9733  2.94889
23  0.6265  19.9562  3.24146
24  0.632  19.9376  3.53289
25  0.6375  19.9174  3.8231
26  0.643  19.8955  4.11203
27  0.6485  19.8721  4.3996
28  0.654  19.8471  4.68575
29  0.6595  19.8206  4.9704
30  0.665  19.7925  5.25348
31  0.6705  19.7628  5.53494
32  0.676  19.7316  5.81469
33  0.6815  19.6988  6.09267
34  0.687  19.6646  6.36883
35  0.6925  19.6288  6.64309
36  0.698  19.5915  6.91538
37  0.7035  19.5527  7.18566
38  0.709  19.5125  7.45385
39  0.7145  19.4707  7.71989
40  0.72  19.4275  7.98372
41  0.7255  19.3829  8.2453
42  0.731  19.3369  8.50454
43  0.7365  19.2894  8.76141
44  0.742  19.2405  9.01584
45  0.7475  19.1902  9.26778
46  0.753  19.1385  9.51718
47  0.7585  19.0855  9.76398
48  0.764  19.0311  10.0081
49  0.7695  18.9754  10.2496
50  0.775  18.9184  10.4883
51  0.7805  18.8601  10.7242
52  0.786  18.8005  10.9573
53  0.7915  18.7396  11.1874
54  0.797  18.6774  11.4147
55  0.8025  18.614  11.6389
56  0.808  18.5494  11.8602
57  0.8135  18.4836  12.0784
58  0.819  18.4165  12.2935
59  0.8245  18.3483  12.5055
60  0.83  18.279  12.7143
61  0.8355  18.2085  12.9198
62  0.841  18.1369  13.1222
63  0.8465  18.0642  13.3213
64  0.852  17.9904  13.517
65  0.8575  17.9155  13.7095
66  0.863  17.8396  13.8985
67  0.8685  17.7626  14.0842
68  0.874  17.6847  14.2665
69  0.8795  17.6057  14.4453
70  0.885  17.5258  14.6206
71  0.8905  17.4449  14.7925
72  0.896  17.3631  14.9608
73  0.9015  17.2803  15.1257
74  0.907  17.1967  15.287
75  0.9125  17.1122  15.4447
76  0.918  17.0268  15.5988
77  0.9235  16.9406  15.7494
78  0.929  16.8536  15.8963
79  0.9345  16.7658  16.0396
80  0.94  16.6772  16.1793
81  0.9455  16.5878  16.3154
82  0.951  16.4977  16.4478
83  0.9565  16.4069  16.5766
84  0.962  16.3154  16.7017
85  0.9675  16.2232  16.8232
86  0.973  16.1304  16.941
87  0.9785  16.0369  17.0551
88  0.984  15.9428  17.1656
89  0.9895  15.8481  17.2724
90  0.995  15.7528  17.3756
91  1.0005  15.657  17.4751
92  1.006  15.5606  17.5709
93  1.0115  15.4637  17.6631
94  1.017  15.3663  17.7517
95  1.0225  15.2684  17.8367
96  1.028  15.1701  17.918
97  1.0335  15.0714  17.9958
98  1.039  14.9722  18.0699
99  1.0445  14.8726  18.1405
100  1.05  14.7727  18.2074
101  1.0555  14.6723  18.2709
102  1.061  14.5717  18.3308
103  1.0665  14.4707  18.3872
104  1.072  14.3694  18.4401
105  1.0775  14.2679  18.4895
106  1.083  14.1661  18.5354
107  1.0885  14.064  18.5779
108  1.094  13.9617  18.617
109  1.0995  13.8593  18.6527
110  1.105  13.7566  18.685
111  1.1105  13.6537  18.714
112  1.116  13.5507  18.7397
113  1.1215  13.4476  18.762
114  1.127  13.3444  18.7811
115  1.1325  13.241  18.797
116  1.138  13.1376  18.8097
117  1.1435  13.0341  18.8192
118  1.149  12.9306  18.8255
119  1.1545  12.8271  18.8287
120  1.16  12.7235  18.8288
121  1.1655  12.62  18.8259
122  1.171  12.5165  18.82
123  1.1765  12.413  18.8111
124  1.182  12.3095  18.7992
125  1.1875  12.2062  18.7845
126  1.193  12.1029  18.7668
127  1.1985  11.9998  18.7463
128  1.204  11.8967  18.723
129  1.2095  11.7938  18.6969
130  1.215  11.6911  18.6681
131  1.2205  11.5885  18.6367
132  1.226  11.4861  18.6025
133  1.2315  11.3839  18.5658
134  1.237  11.2819  18.5264
135  1.2425  11.1801  18.4846
136  1.248  11.0786  18.4402
137  1.2535  10.9773  18.3934
138  1.259  10.8763  18.3442
139  1.2645  10.7755  18.2926
140  1.27  10.6751  18.2387
141  1.2755  10.5749  18.1825
142  1.281  10.4751  18.1241
143  1.2865  10.3755  18.0634
144  1.292  10.2764  18.0006
145  1.2975  10.1776  17.9357
146  1.303  10.0791  17.8687
147  1.3085  9.98101  17.7996
148  1.314  9.88331  17.7286
149  1.3195  9.78601  17.6557
150  1.325  9.68911  17.5808
151  1.3305  9.59263  17.5041
152  1.336  9.49658  17.4255
153  1.3415  9.40096  17.3452
154  1.347  9.30579  17.2632
155  1.3525  9.21108  17.1795
156  1.358  9.11683  17.0941
157  1.3635  9.02305  17.0071
158  1.369  8.92976  16.9186
159  1.3745  8.83696  16.8286
160  1.38  8.74466  16.737
161  1.3855  8.65286  16.6441
162  1.391  8.56158  16.5498
163  1.3965  8.47082  16.4541
164  1.402  8.38059  16.3572
165  1.4075  8.2909  16.259
166  1.413  8.20175  16.1595
167  1.4185  8.11316  16.0589
168  1.424  8.02512  15.9572
169  1.4295  7.93764  15.8544
170  1.435  7.85073  15.7505
171  1.4405  7.76439  15.6456
172  1.446  7.67863  15.5397
173  1.4515  7.59346  15.433
174  1.457  7.50888  15.3253
175  1.4625  7.42489  15.2168
176  1.468  7.3415  15.1075
177  1.4735  7.25871  14.9974
178  1.479  7.17654  14.8865
179  1.4845  7.09497  14.775
180  1.49  7.01402  14.6628
181  1.4955  6.93368  14.55
182  1.501  6.85397  14.4367
183  1.5065  6.77489  14.3228
184  1.512  6.69643  14.2083
185  1.5175  6.6186  14.0934
186  1.523  6.54141  13.9781
187  1.5285  6.46485  13.8624
188  1.534  6.38893  13.7463
189  1.5395  6.31365  13.6298
190  1.545  6.239  13.5131
191  1.5505  6.16501  13.3961
192  1.556  6.09165  13.2789
193  1.5615  6.01894  13.1615
194  1.567  5.94688  13.0439
195  1.5725  5.87547  12.9261
196  1.578  5.8047  12.8083
197  1.5835  5.73458  12.6904
198  1.589  5.66511  12.5724
199  1.5945  5.59629  12.4545
200  1.6  5.52811  12.3365
201  1.6055  5.46059  12.2186
202  1.611  5.39371  12.1008
203  1.6165  5.32748  11.983
204  1.622  5.2619  11.8654
205  1.6275  5.19697  11.7479
206  1.633  5.13268  11.6306
207  1.6385  5.06903  11.5135
208  1.644  5.00603  11.3967
209  1.6495  4.94367  11.2801
210  1.655  4.88195  11.1637
211  1.6605  4.82087  11.0477
212  1.666  4.76043  10.932
213  1.6715  4.70063  10.8166
214  1.677  4.64145  10.7016
215  1.6825  4.58291  10.587
216  1.688  4.525  10.4728
217  1.6935  4.46771  10.359
218  1.699  4.41105  10.2456
219  1.7045  4.35501  10.1328
220  1.71  4.29959  10.0204
221  1.7155  4.24479  9.90852
222  1.721  4.1906  9.79716
223  1.7265  4.13702  9.68635
224  1.732  4.08405  9.57609
225  1.7375  4.03169  9.46641
226  1.743  3.97992  9.35731
227  1.7485  3.92876  9.24881
228  1.754  3.87819  9.14094
229  1.7595  3.82821  9.03369
230  1.765  3.77882  8.9271
231  1.7705  3.73001  8.82116
232  1.776  3.68178  8.71589
233  1.7815  3.63414  8.61131
234  1.787  3.58706  8.50743
235  1.7925  3.54055  8.40425
236  1.798  3.49461  8.3018
237  1.8035  3.44924  8.20007
238  1.809  3.40441  8.09909
239  1.8145  3.36015  7.99885
240  1.82  3.31643  7.89937
241  1.8255  3.27325  7.80066
242  1.831  3.23062  7.70273
243  1.8365  3.18852  7.60557
244  1.842  3.14696  7.50921
245  1.8475  3.10592  7.41365
246  1.853  3.06541  7.3189
247  1.8585  3.02541  7.22495
248  1.864  2.98593  7.13183
249  1.8695  2.94696  7.03952
250  1.875  2.9085  6.94805
251  1.8805  2.87053  6.85741
252  1.886  2.83307  6.7676
253  1.8915  2.79609  6.67864
254  1.897  2.7596  6.59052
255  1.9025  2.72359  6.50325
256  1.908  2.68806  6.41683
257  1.9135  2.65301  6.33126
258  1.919  2.61842  6.24655
259  1.9245  2.5843  6.1627
260  1.93  2.55063  6.07971
261  1.9355  2.51742  5.99758
262  1.941  2.48466  5.91631
263  1.9465  2.45234  5.83591
264  1.952  2.42046  5.75637
265  1.9575  2.38902  5.67769
266  1.963  2.358  5.59987
267  1.9685  2.32742  5.52292
268  1.974  2.29725  5.44683
269  1.9795  2.2675  5.3716
270  1.985  2.23816  5.29723
271  1.9905  2.20923  5.22372
272  1.996  2.1807  5.15107
273  2.0015  2.15257  5.07927
274  2.007  2.12483  5.00833
275  2.0125  2.09747  4.93823
276  2.018  2.07051  4.86898
277  2.0235  2.04391  4.80058
278  2.029  2.0177  4.73302
279  2.0345  1.99185  4.66629
280  2.04  1.96637  4.6004
281  2.0455  1.94124  4.53534
282  2.051  1.91648  4.47111
283  2.0565  1.89206  4.40771
284  2.062  1.86799  4.34512
285  2.0675  1.84426  4.28334
286  2.073  1.82087  4.22238
287  2.0785  1.79782  4.16222
288  2.084  1.77509  4.10286
289  2.0895  1.75268  4.04429
290  2.095  1.7306  3.98652
291  2.1005  1.70883  3.92953
292  2.106  1.68737  3.87332
293  2.1115  1.66622  3.81788
294  2.117  1.64538  3.76321
295  2.1225  1.62483  3.7093
296  2.128  1.60457  3.65615
297  2.1335  1.58461  3.60375
298  2.139  1.56493  3.5521
299  2.1445  1.54553  3.50118
300  2.15  1.52641  3.45099
301  2.1555  1.50757  3.40153
302  2.161  1.489  3.35279
303  2.1665  1.47069  3.30476
304  2.172  1.45264  3.25744
305  2.1775  1.43486  3.21081
306  2.183  1.41732  3.16488
307  2.1885  1.40004  3.11963
308  2.194  1.38301  3.07506
309  2.1995  1.36621  3.03117
310  2.205  1.34966  2.98793
311  2.2105  1.33334  2.94536
312  2.216  1.31726  2.90343
313  2.2215  1.30141  2.86215
314  2.227  1.28578  2.8215
315  2.2325  1.27037  2.78149
316  2.238  1.25518  2.74209
317  2.2435  1.2402  2.70332
318  2.249  1.22544  2.66514
319  2.2545  1.21089  2.62757
320  2.26  1.19654  2.59059
321  2.2655  1.18239  2.5542
322  2.271  1.16844  2.51839
323  2.2765  1.15468  2.48314
324  2.282  1.14112  2.44847
325  2.2875  1.12775  2.41434
326  2.293  1.11456  2.38077
327  2.2985  1.10156  2.34774
328  2.304  1.08874  2.31525
329  2.3095  1.07609  2.28328
330  2.315  1.06362  2.25183
331  2.3205  1.05132  2.2209
332  2.326  1.03919  2.19048
333  2.3315  1.02722  2.16055
334  2.337  1.01542  2.13112
335  2.3425  1.00378  2.10217
336  2.348  0.992296  2.0737
337  2.3535  0.980968  2.0457
338  2.359  0.969793  2.01816
339  2.3645  0.958767  1.99108
340  2.37  0.947889  1.96446
341  2.3755  0.937157  1.93827
342  2.381  0.926567  1.91252
343  2.3865  0.916118  1.88721
344  2.392  0.905807  1.86231
345  2.3975  0.895632  1.83784
346  2.403  0.88559  1.81377
347  2.4085  0.875679  1.7901
348  2.414  0.865897  1.76684
349  2.4195  0.856243  1.74396
350  2.425  0.846713  1.72147
351  2.4305  0.837305  1.69936
352  2.436  0.828019  1.67761
353  2.4415  0.818851  1.65624
354  2.447  0.809799  1.63522
355  2.4525  0.800862  1.61455
356  2.458  0.792038  1.59423
357  2.4635  0.783325  1.57426
358  2.469  0.77472  1.55461
359  2.4745  0.766223  1.5353
360  2.48  0.757831  1.51631
361  2.4855  0.749543  1.49764
362  2.491  0.741356  1.47928
363  2.4965  0.73327  1.46122
364  2.502  0.725282  1.44347
365  2.5075  0.71739  1.42601
366  2.513  0.709594  1.40884
367  2.5185  0.701892  1.39196
368  2.524  0.694282  1.37536
369  2.5295  0.686762  1.35903
370  2.535  0.679332  1.34297
371  2.5405  0.671989  1.32717
372  2.546  0.664732  1.31163
373  2.5515  0.65756  1.29634
374  2.557  0.650471  1.28131
375  2.5625  0.643465  1.26652
376  2.568  0.636539  1.25197
377  2.5735  0.629692  1.23765
378  2.579  0.622924  1.22356
379  2.5845  0.616232  1.2097
380  2.59  0.609616  1.19606
381  2.5955  0.603075  1.18264
382  2.601  0.596607  1.16943
383  2.6065  0.59021  1.15643
384  2.612  0.583885  1.14363
385  2.6175  0.57763  1.13103
386  2.623  0.571443  1.11863
387  2.6285  0.565324  1.10642
388  2.634  0.559272  1.0944
389  2.6395  0.553285  1.08256
390  2.645  0.547363  1.0709
391  2.6505  0.541504  1.05942
392  2.656  0.535708  1.04811
393  2.6615  0.529974  1.03697
394  2.667  0.524301  1.026
395  2.6725  0.518688  1.01519
396  2.678  0.513133  1.00454
397  2.6835  0.507637  0.994043
398  2.689  0.502198  0.9837
399  2.6945  0.496816  0.973506
400  2.7  0.491489  0.963458
401  2.7055  0.486217  0.953553
402  2.711  0.480999  0.943787
403  2.7165  0.475835  0.934159
404  2.722  0.470723  0.924664
405  2.7275  0.465663  0.915301
406  2.733  0.460654  0.906066
407  2.7385  0.455695  0.896956
408  2.744  0.450787  0.887969
409  2.7495  0.445927  0.879103
410  2.755  0.441116  0.870354
411  2.7605  0.436353  0.86172
412  2.766  0.431636  0.853199
413  2.7715  0.426967  0.844788
414  2.777  0.422343  0.836485
415  2.7825  0.417765  0.828287
416  2.788  0.413231  0.820193
417  2.7935  0.408742  0.8122
418  2.799  0.404297  0.804305
419  2.8045  0.399894  0.796508
420  2.81  0.395534  0.788805
421  2.8155  0.391217  0.781194
422  2.821  0.386941  0.773675
423  2.8265  0.382706  0.766244
424  2.832  0.378512  0.7589
425  2.8375  0.374357  0.751641
426  2.843  0.370243  0.744465
427  2.8485  0.366168  0.73737
428  2.854  0.362131  0.730356
429  2.8595  0.358133  0.72342
430  2.865  0.354173  0.71656
431  2.8705  0.350251  0.709774
432  2.876  0.346365  0.703063
433  2.8815  0.342517  0.696423
434  2.887  0.338704  0.689853
435  2.8925  0.334928  0.683353
436  2.898  0.331187  0.676919
437  2.9035  0.327481  0.670553
438  2.909  0.32381  0.66425
439  2.9145  0.320174  0.658012
440  2.92  0.316572  0.651836
441  2.9255  0.313003  0.645721
442  2.931  0.309468  0.639665
443  2.9365  0.305967  0.633669
444  2.942  0.302498  0.62773
445  2.9475  0.299061  0.621847
446  2.953  0.295657  0.61602
447  2.9585  0.292284  0.610248
448  2.964  0.288944  0.604529
449  2.9695  0.285634  0.598862
450  2.975  0.282356  0.593247
451  2.9805  0.279108  0.587682
452  2.986  0.275891  0.582167
453  2.9915  0.272704  0.576701
454  2.997  0.269547  0.571283
455  3.0025  0.266419  0.565912
456  3.008  0.263321  0.560587
457  3.0135  0.260252  0.555308
458  3.019  0.257213  0.550074
459  3.0245  0.254201  0.544883
460  3.03  0.251218  0.539737
461  3.0355  0.248264  0.534632
462  3.041  0.245337  0.52957
463  3.0465  0.242438  0.52455
464  3.052  0.239567  0.51957
465  3.0575  0.236723  0.51463
466  3.063  0.233905  0.50973
467  3.0685  0.231115  0.504869
468  3.074  0.228352  0.500047
469  3.0795  0.225614  0.495263
470  3.085  0.222903  0.490516
471  3.0905  0.220218  0.485806
472  3.096  0.217559  0.481132
473  3.1015  0.214926  0.476495
474  3.107  0.212317  0.471893
475  3.1125  0.209734  0.467326
476  3.118  0.207177  0.462794
477  3.1235  0.204643  0.458296
478  3.129  0.202135  0.453833
479  3.1345  0.199651  0.449402
480  3.14  0.197191  0.445005
481  3.1455  0.194756  0.440641
482  3.151  0.192344  0.43631
483  3.1565  0.189956  0.43201
484  3.162  0.187592  0.427742
485  3.1675  0.18525  0.423506
486  3.173  0.182933  0.419301
487  3.1785  0.180638  0.415128
488  3.184  0.178366  0.410984
489  3.1895  0.176117  0.406871
490  3.195  0.17389  0.402789
491  3.2005  0.171686  0.398736
492  3.206  0.169504  0.394713
493  3.2115  0.167344  0.390719
494  3.217  0.165206  0.386755
495  3.2225  0.163089  0.382819
496  3.228  0.160994  0.378912
497  3.2335  0.158921  0.375034
498  3.239  0.156869  0.371184
499  3.2445  0.154838  0.367362
500  3.25  0.152828  0.363569
501  3.2555  0.150838  0.359803
502  3.261  0.14887  0.356064
503  3.2665  0.146921  0.352353
504  3.272  0.144993  0.34867
505  3.2775  0.143086  0.345014
506  3.283  0.141198  0.341384
507  3.2885  0.13933  0.337781
508  3.294  0.137482  0.334206
509  3.2995  0.135654  0.330656
510  3.305  0.133845  0.327133
511  3.3105  0.132055  0.323637
512  3.316  0.130285  0.320166
513  3.3215  0.128533  0.316722
514  3.327  0.1268  0.313303
515  3.3325  0.125087  0.30991
516  3.338  0.123391  0.306543
517  3.3435  0.121714  0.303202
518  3.349  0.120056  0.299885
519  3.3545  0.118415  0.296595
520  3.36  0.116793  0.293329
521  3.3655  0.115189  0.290089
522  3.371  0.113602  0.286873
523  3.3765  0.112033  0.283683
524  3.382  0.110481  0.280517
525  3.3875  0.108947  0.277376
526  3.393  0.10743  0.27426
527  3.3985  0.10593  0.271168
528  3.404  0.104447  0.268101
529  3.4095  0.102981  0.265058
530  3.415  0.101531  0.26204
531  3.4205  0.100098  0.259045
532  3.426  0.0986816  0.256075
533  3.4315  0.0972812  0.253128
534  3.437  0.095897  0.250206
535  3.4425  0.0945288  0.247307
536  3.448  0.0931765  0.244433
537  3.4535  0.0918399  0.241581
538  3.459  0.0905189  0.238754
539  3.4645  0.0892135  0.23595
540  3.47  0.0879234  0.233169
541  3.4755  0.0866485  0.230411
542  3.481  0.0853887  0.227677
543  3.4865  0.0841439  0.224966
544  3.492  0.082914  0.222278
545  3.4975  0.0816987  0.219613
546  3.503  0.0804981  0.216971
547  3.5085  0.0793119  0.214352
548  3.514  0.0781401  0.211755
549  3.5195  0.0769825  0.209181
550  3.525  0.075839  0.20663
551  3.5305  0.0747095  0.204101
552  3.536  0.0735938  0.201595
553  3.5415  0.0724918  0.199111
554  3.547  0.0714034  0.196649
555  3.5525  0.0703286  0.194209
556  3.558  0.069267  0.191791
557  3.5635  0.0682188  0.189395
558  3.569  0.0671836  0.187021
559  3.5745  0.0661614  0.184669
560  3.58  0.0651521  0.182338
561  3.5855  0.0641556  0.18003
562  3.591  0.0631717  0.177742
563  3.5965  0.0622004  0.175476
564  3.602  0.0612414  0.173231
565  3.6075  0.0602947  0.171008
566  3.613  0.0593602  0.168805
567  3.6185  0.0584378  0.166624
568  3.624  0.0575273  0.164464
569  3.6295  0.0566286  0.162324
570  3.635  0.0557416  0.160205
571  3.6405  0.0548663  0.158107
572  3.646  0.0540024  0.15603
573  3.6515  0.0531499  0.153972
574  3.657  0.0523086  0.151936
575  3.6625  0.0514785  0.149919
576  3.668  0.0506594  0.147923
577  3.6735  0.0498513  0.145946
578  3.679  0.049054  0.14399
579  3.6845  0.0482673  0.142053
580  3.69  0.0474913  0.140136
581  3.6955  0.0467258  0.138239
582  3.701  0.0459706  0.136361
583  3.7065  0.0452257  0.134503
584  3.712  0.044491  0.132664
585  3.7175  0.0437664  0.130844
586  3.723  0.0430517  0.129044
587  3.7285  0.0423468  0.127262
588  3.734  0.0416517  0.125499
589  3.7395  0.0409663  0.123755
590  3.745  0.0402904  0.12203
591  3.7505  0.0396239  0.120323
592  3.756  0.0389668  0.118635
593  3.7615  0.0383189  0.116965
594  3.767  0.0376801  0.115313
595  3.7725  0.0370504  0.113679
596  3.778  0.0364296  0.112063
597  3.7835  0.0358176  0.110465
598  3.789  0.0352144  0.108885
599  3.7945  0.0346199  0.107323
600  3.8  0.0340338  0.105778
601  3.8055  0.0334563  0.10425
602  3.811  0.032887  0.10274
603  3.8165  0.0323261  0.101247
604  3.822  0.0317733  0.0997709
605  3.8275  0.0312286  0.0983118
606  3.833  0.0306918  0.0968695
607  3.8385  0.030163  0.0954439
608  3.844  0.0296419  0.0940349
609  3.8495  0.0291285  0.0926424
610  3.855  0.0286228  0.0912662
611  3.8605  0.0281246  0.0899062
612  3.866  0.0276338  0.0885624
613  3.8715  0.0271504  0.0872345
614  3.877  0.0266742  0.0859225
615  3.8825  0.0262052  0.0846262
616  3.888  0.0257433  0.0833455
617  3.8935  0.0252884  0.0820804
618  3.899  0.0248404  0.0808306
619  3.9045  0.0243992  0.0795961
620  3.91  0.0239648  0.0783768
621  3.9155  0.023537  0.0771724
622  3.921  0.0231159  0.0759829
623  3.9265  0.0227012  0.0748083
624  3.932  0.022293  0.0736482
625  3.9375  0.0218911  0.0725027
626  3.943  0.0214954  0.0713716
627  3.9485  0.0211059  0.0702548
628  3.954  0.0207226  0.0691522
629  3.9595  0.0203453  0.0680636
630  3.965  0.0199739  0.0669889
631  3.9705  0.0196084  0.0659281
632  3.976  0.0192486  0.0648809
633  3.9815  0.0188947  0.0638472
634  3.987  0.0185463  0.062827
635  3.9925  0.0182035  0.0618202
636  3.998  0.0178663  0.0608265
637  4.0035  0.0175344  0.0598459
638  4.009  0.017208  0.0588783
639  4.0145  0.0168868  0.0579235
640  4.02  0.0165708  0.0569814
641  4.0255  0.01626  0.0560519
642  4.031  0.0159542  0.0551349
643  4.0365  0.0156535  0.0542302
644  4.042  0.0153577  0.0533378
645  4.0475  0.0150667  0.0524575
646  4.053  0.0147806  0.0515892
647  4.0585  0.0144992  0.0507328
648  4.064  0.0142225  0.0498882
649  4.0695  0.0139505  0.0490553
650  4.075  0.0136829  0.0482338
651  4.0805  0.0134199  0.0474238
652  4.086  0.0131613  0.0466251
653  4.0915  0.012907  0.0458376
654  4.097  0.012657  0.0450611
655  4.1025  0.0124113  0.0442957
656  4.108  0.0121698  0.043541
657  4.1135  0.0119324  0.0427971
658  4.119  0.011699  0.0420639
659  4.1245  0.0114697  0.0413411
660  4.13  0.0112443  0.0406287
661  4.1355  0.0110227  0.0399266
662  4.141  0.0108051  0.0392347
663  4.1465  0.0105912  0.0385528
664  4.152  0.010381  0.0378809
665  4.1575  0.0101745  0.0372189
666  4.163  0.00997156  0.0365665
667  4.1685  0.00977223  0.0359238
668  4.174  0.0095764  0.0352907
669  4.1795  0.00938403  0.0346669
670  4.185  0.00919506  0.0340524
671  4.1905  0.00900945  0.0334471
672  4.196  0.00882714  0.032851
673  4.2015  0.00864809  0.0322638
674  4.207  0.00847224  0.0316855
675  4.2125  0.00829955  0.031116
676  4.218  0.00812996  0.0305551
677  4.2235  0.00796344  0.0300029
678  4.229  0.00779993  0.0294591
679  4.2345  0.00763939  0.0289237
680  4.24  0.00748177  0.0283965
681  4.2455  0.00732703  0.0278776
682  4.251  0.00717512  0.0273667
683  4.2565  0.00702599  0.0268638
684  4.262  0.00687962  0.0263687
685  4.2675  0.00673594  0.0258815
686  4.273  0.00659492  0.0254019
687  4.2785  0.00645652  0.02493
688  4.284  0.00632069  0.0244655
689  4.2895  0.0061874  0.0240084
690  4.295  0.0060566  0.0235587
691  4.3005  0.00592826  0.0231161
692  4.306  0.00580232  0.0226807
693  4.3115  0.00567877  0.0222524
694  4.317  0.00555755  0.0218309
695  4.3225  0.00543863  0.0214163
696  4.328  0.00532197  0.0210085
697  4.3335  0.00520754  0.0206074
698  4.339  0.00509529  0.0202128
699  4.3445  0.0049852  0.0198248
700  4.35  0.00487722  0.0194432
701  4.3555  0.00477133  0.0190679
702  4.361  0.00466748  0.0186988
703  4.3665  0.00456564  0.0183359
704  4.372  0.00446579  0.0179791
705  4.3775  0.00436788  0.0176283
706  4.383  0.00427188  0.0172834
707  4.3885  0.00417776  0.0169444
708  4.394  0.00408549  0.0166111
709  4.3995  0.00399504  0.0162835
710  4.405  0.00390638  0.0159614
711  4.4105  0.00381947  0.0156449
712  4.416  0.00373429  0.0153339
713  4.4215  0.0036508  0.0150282
714  4.427  0.00356898  0.0147277
715  4.4325  0.0034888  0.0144325
716  4.438  0.00341023  0.0141425
717  4.4435  0.00333323  0.0138575
718  4.449  0.0032578  0.0135775
719  4.4545  0.00318389  0.0133024
720  4.46  0.00311147  0.0130322
721  4.4655  0.00304053  0.0127668
722  4.471  0.00297104  0.012506
723  4.4765  0.00290297  0.01225
724  4.482  0.0028363  0.0119985
725  4.4875  0.00277099  0.0117514
726  4.493  0.00270703  0.0115089
727  4.4985  0.0026444  0.0112707
728  4.504  0.00258306  0.0110368
729  4.5095  0.002523  0.0108072
730  4.515  0.00246418  0.0105817
731  4.5205  0.0024066  0.0103603
732  4.526  0.00235022  0.010143
733  4.5315  0.00229503  0.00992973
734  4.537  0.002241  0.00972035
735  4.5425  0.00218811  0.00951484
736  4.548  0.00213634  0.00931314
737  4.5535  0.00208567  0.00911519
738  4.559  0.00203608  0.00892093
739  4.5645  0.00198754  0.00873031
740  4.57  0.00194005  0.00854326
741  4.5755  0.00189357  0.00835973
742  4.581  0.00184809  0.00817967
743  4.5865  0.0018036  0.00800301
744  4.592  0.00176006  0.00782971
745  4.5975  0.00171747  0.00765971
746  4.603  0.00167581  0.00749296
747  4.6085  0.00163505  0.00732941
748  4.614  0.00159519  0.007169
749  4.6195  0.0015562  0.00701168
750  4.625  0.00151806  0.0068574
751  4.6305  0.00148077  0.00670612
752  4.636  0.0014443  0.00655778
753  4.6415  0.00140864  0.00641233
754  4.647  0.00137377  0.00626973
755  4.6525  0.00133967  0.00612993
756  4.658  0.00130634  0.00599288
757  4.6635  0.00127375  0.00585854
758  4.669  0.0012419  0.00572685
759  4.6745  0.00121076  0.00559779
760  4.68  0.00118032  0.00547129
761  4.6855  0.00115058  0.00534733
762  4.691  0.00112151  0.00522584
763  4.6965  0.0010931  0.0051068
764  4.702  0.00106533  0.00499016
765  4.7075  0.00103821  0.00487588
766  4.713  0.0010117  0.00476391
767  4.7185  0.000985806  0.00465423
768  4.724  0.000960507  0.00454678
769  4.7295  0.000935794  0.00444152
770  4.735  0.000911653  0.00433843
771  4.7405  0.000888073  0.00423746
772  4.746  0.000865043  0.00413858
773  4.7515  0.000842551  0.00404174
774  4.757  0.000820586  0.00394691
775  4.7625  0.000799137  0.00385405
776  4.768  0.000778193  0.00376314
777  4.7735  0.000757744  0.00367413
778  4.779  0.00073778  0.00358699
779  4.7845  0.000718289  0.00350168
780  4.79  0.000699263  0.00341818
781  4.7955  0.000680691  0.00333645
782  4.801  0.000662564  0.00325645
783  4.8065  0.000644872  0.00317816
784  4.812  0.000627606  0.00310155
785  4.8175  0.000610756  0.00302658
786  4.823  0.000594315  0.00295321
787  4.8285  0.000578272  0.00288143
788  4.834  0.000562621  0.00281121
789  4.8395  0.000547351  0.00274251
790  4.845  0.000532454  0.0026753
791  4.8505  0.000517924  0.00260956
792  4.856  0.000503751  0.00254525
793  4.8615  0.000489927  0.00248236
794  4.867  0.000476446  0.00242085
795  4.8725  0.000463299  0.0023607
796  4.878  0.000450479  0.00230189
797  4.8835  0.00043798  0.00224437
798  4.889  0.000425792  0.00218814
799  4.8945  0.000413911  0.00213317
800  4.9  0.000402329  0.00207942
801  4.9055  0.000391038  0.00202689
802  4.911  0.000380034  0.00197553
803  4.9165  0.000369308  0.00192534
804  4.922  0.000358856  0.00187629
805  4.9275  0.00034867  0.00182835
806  4.933  0.000338745  0.0017815
807  4.9385  0.000329074  0.00173573
808  4.944  0.000319653  0.001691
809  4.9495  0.000310474  0.0016473
810  4.955  0.000301533  0.00160461
811  4.9605  0.000292824  0.00156291
812  4.966  0.000284342  0.00152218
813  4.9715  0.000276081  0.00148239
814  4.977  0.000268036  0.00144353
815  4.9825  0.000260202  0.00140558
816  4.988  0.000252575  0.00136853
817  4.9935  0.000245149  0.00133234
818  4.999  0.00023792  0.00129701
819  5.0045  0.000230882  0.00126252
820  5.01  0.000224033  0.00122884
821  5.0155  0.000217366  0.00119597
822  5.021  0.000210877  0.00116388
823  5.0265  0.000204563  0.00113256
824  5.032  0.000198419  0.001102
825  5.0375  0.000192441  0.00107217
826  5.043  0.000186626  0.00104306
827  5.0485  0.000180968  0.00101466
828  5.054  0.000175465  0.00098695
829  5.0595  0.000170112  0.000959916
830  5.065  0.000164906  0.000933543
831  5.0705  0.000159843  0.000907817
832  5.076  0.00015492  0.000882724
833  5.0815  0.000150133  0.000858251
834  5.087  0.000145479  0.000834384
835  5.0925  0.000140955  0.00081111
836  5.098  0.000136557  0.000788416
837  5.1035  0.000132282  0.000766289
838  5.109  0.000128128  0.000744716
839  5.1145  0.00012409  0.000723686
840  5.12  0.000120167  0.000703186
841  5.1255  0.000116355  0.000683204
842  5.131  0.000112652  0.00066373
843  5.1365  0.000109054  0.000644751
844  5.142  0.000105559  0.000626257
845  5.1475  0.000102165  0.000608236
846  5.153  9.88685e-05  0.000590678
847  5.1585  9.56673e-05  0.000573572
848  5.164  9.2559e-05  0.000556908
849  5.1695  8.95411e-05  0.000540676
850  5.175  8.66113e-05  0.000524867
851  5.1805  8.37673e-05  0.000509469
852  5.186  8.10069e-05  0.000494475
853  5.1915  7.83278e-05  0.000479874
854  5.197  7.5728e-05  0.000465657
855  5.2025  7.32053e-05  0.000451816
856  5.208  7.07577e-05  0.000438342
857  5.2135  6.83832e-05  0.000425226
858  5.219  6.60798e-05  0.000412459
859  5.2245  6.38457e-05  0.000400034
860  5.23  6.16791e-05  0.000387942
861  5.2355  5.9578e-05  0.000376176
862  5.241  5.75407e-05  0.000364728
863  5.2465  5.55656e-05  0.000353589
864  5.252  5.36508e-05  0.000342754
865  5.2575  5.17948e-05  0.000332213
866  5.263  4.9996e-05  0.000321961
867  5.2685  4.82528e-05  0.000311991
868  5.274  4.65637e-05  0.000302295
869  5.2795  4.49271e-05  0.000292867
870  5.285  4.33417e-05  0.0002837
871  5.2905  4.18059e-05  0.000274788
872  5.296  4.03185e-05  0.000266124
873  5.3015  3.8878e-05  0.000257703
874  5.307  3.74833e-05  0.000249519
875  5.3125  3.61328e-05  0.000241565
876  5.318  3.48255e-05  0.000233836
877  5.3235  3.35601e-05  0.000226326
878  5.329  3.23354e-05  0.00021903
879  5.3345  3.11502e-05  0.000211942
880  5.34  3.00035e-05  0.000205058
881  5.3455  2.8894e-05  0.000198371
882  5.351  2.78208e-05  0.000191877
883  5.3565  2.67828e-05  0.000185572
884  5.362  2.5779e-05  0.00017945
885  5.3675  2.48083e-05  0.000173506
886  5.373  2.38698e-05  0.000167736
887  5.3785  2.29626e-05  0.000162135
888  5.384  2.20858e-05  0.0001567
889  5.3895  2.12383e-05  0.000151425
890  5.395  2.04195e-05  0.000146307
891  5.4005  1.96284e-05  0.000141341
892  5.406  1.88641e-05  0.000136524
893  5.4115  1.8126e-05  0.000131851
894  5.417  1.74132e-05  0.000127319
895  5.4225  1.67249e-05  0.000122923
896  5.428  1.60604e-05  0.000118662
897  5.4335  1.5419e-05  0.00011453
898  5.439  1.48e-05  0.000110524
899  5.4445  1.42026e-05  0.000106641
900  5.45  1.36263e-05  0.000102878
901  5.4555  1.30704e-05  9.92306e-05
902  5.461  1.25342e-05  9.56967e-05
903  5.4665  1.20171e-05  9.22729e-05
904  5.472  1.15186e-05  8.89562e-05
905  5.4775  1.1038e-05  8.57436e-05
906  5.483  1.05748e-05  8.26322e-05
907  5.4885  1.01284e-05  7.96193e-05
908  5.494  9.69834e-06  7.6702e-05
909  5.4995  9.28406e-06  7.38778e-05
910  5.505  8.88507e-06  7.11441e-05
911  5.5105  8.50086e-06  6.84982e-05
912  5.516  8.13097e-06  6.59378e-05
913  5.5215  7.77493e-06  6.34604e-05
914  5.527  7.4323e-06  6.10636e-05
915  5.5325  7.10263e-06  5.87451e-05
916  5.538  6.78549e-06  5.65028e-05
917  5.5435  6.48049e-06  5.43344e-05
918  5.549  6.18721e-06  5.22378e-05
919  5.5545  5.90527e-06  5.0211e-05
920  5.56  5.63429e-06  4.82518e-05
921  5.5655  5.3739e-06  4.63583e-05
922  5.571  5.12375e-06  4.45287e-05
923  5.5765  4.88349e-06  4.27609e-05
924  5.582  4.65279e-06  4.10533e-05
925  5.5875  4.43131e-06  3.9404e-05
926  5.593  4.21875e-06  3.78114e-05
927  5.5985  4.0148e-06  3.62736e-05
928  5.604  3.81916e-06  3.47891e-05
929  5.6095  3.63154e-06  3.33562e-05
930  5.615  3.45167e-06  3.19735e-05
931  5.6205  3.27926e-06  3.06393e-05
932  5.626  3.11406e-06  2.93523e-05
933  5.6315  2.95582e-06  2.81109e-05
934  5.637  2.80428e-06  2.69138e-05
935  5.6425  2.6592e-06  2.57596e-05
936  5.648  2.52036e-06  2.4647e-05
937  5.6535  2.38753e-06  2.35747e-05
938  5.659  2.26049e-06  2.25414e-05
939  5.6645  2.13903e-06  2.1546e-05
940  5.67  2.02294e-06  2.05871e-05
941  5.6755  1.91203e-06  1.96638e-05
942  5.681  1.8061e-06  1.87748e-05
943  5.6865  1.70497e-06  1.7919e-05
944  5.692  1.60846e-06  1.70955e-05
945  5.6975  1.51639e-06  1.63031e-05
946  5.703  1.4286e-06  1.55408e-05
947  5.7085  1.34492e-06  1.48078e-05
948  5.714  1.2652e-06  1.41029e-05
949  5.7195  1.18928e-06  1.34254e-05
950  5.725  1.11701e-06  1.27743e-05
951  5.7305  1.04826e-06  1.21487e-05
952  5.736  9.82879e-07  1.15478e-05
953  5.7415  9.20738e-07  1.09707e-05
954  5.747  8.61709e-07  1.04168e-05
955  5.7525  8.05666e-07  9.8851e-06
956  5.758  7.5249e-07  9.37496e-06
957  5.7635  7.02063e-07  8.88564e-06
958  5.769  6.54273e-07  8.41642e-06
959  5.7745  6.09011e-07  7.96661e-06
960  5.78  5.66174e-07  7.53554e-06
961  5.7855  5.25658e-07  7.12256e-06
962  5.791  4.87367e-07  6.72705e-06
963  5.7965  4.51207e-07  6.34838e-06
964  5.802  4.17086e-07  5.98598e-06
965  5.8075  3.84916e-07  5.63926e-06
966  5.813  3.54612e-07  5.30767e-06
967  5.8185  3.26094e-07  4.99067e-06
968  5.824  2.99282e-07  4.68773e-06
969  5.8295  2.74101e-07  4.39834e-06
970  5.835  2.50477e-07  4.12201e-06
971  5.8405  2.28339e-07  3.85827e-06
972  5.846  2.0762e-07  3.60665e-06
973  5.8515  1.88255e-07  3.3667e-06
974  5.857  1.70179e-07  3.13799e-06
975  5.8625  1.53334e-07  2.9201e-06
976  5.868  1.3766e-07  2.71263e-06
977  5.8735  1.23101e-07  2.51517e-06
978  5.879  1.09603e-07  2.32734e-06
979  5.8845  9.7114e-08  2.14878e-06
980  5.89  8.55845e-08  1.97913e-06
981  5.8955  7.49661e-08  1.81804e-06
982  5.901  6.52128e-08  1.66518e-06
983  5.9065  5.62801e-08  1.52022e-06
984  5.912  4.81255e-08  1.38285e-06
985  5.9175  4.0708e-08  1.25277e-06
986  5.923  3.39885e-08  1.12968e-06
987  5.9285  2.79291e-08  1.0133e-06
988  5.934  2.24939e-08  9.03352e-07
989  5.9395  1.7648e-08  7.9958e-07
990  5.945  1.33583e-08  7.01724e-07
991  5.9505  9.59288e-09  6.09537e-07
992  5.956  6.32125e-09  5.22781e-07
993  5.9615  3.51417e-09  4.41224e-07
994  5.967  1.14365e-09  3.64645e-07
995  5.9725  -8.17092e-10  2.92829e-07
996  5.978  -2.39369e-09  2.25569e-07
997  5.9835  -3.61065e-09  1.62664e-07
998  5.989  -4.4914e-09  1.03922e-07
999  5.9945  -5.05832e-09  4.91569e-08
1000  6  -5.33279e-09  -1.81141e-09
