LARS_2B
N  1001  R  0.5  6

0  0.5  32.6547  2.24694
1  0.5055  32.6409  2.788
2  0.511  32.6241  3.32831
3  0.5165  32.6043  3.86771
4  0.522  32.5815  4.40605
5  0.5275  32.5558  4.94319
6  0.533  32.5271  5.47898
7  0.5385  32.4955  6.01327
8  0.544  32.4609  6.54591
9  0.5495  32.4235  7.07675
10  0.555  32.3831  7.60565
11  0.5605  32.3398  8.13246
12  0.566  32.2936  8.65704
13  0.5715  32.2445  9.17925
14  0.577  32.1926  9.69894
15  0.5825  32.1378  10.216
16  0.588  32.0802  10.7302
17  0.5935  32.0198  11.2415
18  0.599  31.9566  11.7497
19  0.6045  31.8905  12.2548
20  0.61  31.8218  12.7565
21  0.6155  31.7502  13.2547
22  0.621  31.676  13.7493
23  0.6265  31.599  14.2401
24  0.632  31.5193  14.7271
25  0.6375  31.437  15.2102
26  0.643  31.352  15.6891
27  0.6485  31.2644  16.1637
28  0.654  31.1742  16.6341
29  0.6595  31.0814  17.0999
30  0.665  30.9861  17.5612
31  0.6705  30.8883  18.0177
32  0.676  30.7879  18.4694
33  0.6815  30.6851  18.9163
34  0.687  30.5798  19.358
35  0.6925  30.4722  19.7947
36  0.698  30.3621  20.2261
37  0.7035  30.2497  20.6522
38  0.709  30.135  21.0728
39  0.7145  30.0179  21.4879
40  0.72  29.8986  21.8973
41  0.7255  29.777  22.3011
42  0.731  29.6533  22.699
43  0.7365  29.5274  23.091
44  0.742  29.3993  23.4771
45  0.7475  29.2691  23.8571
46  0.753  29.1369  24.2309
47  0.7585  29.0026  24.5986
48  0.764  28.8663  24.9599
49  0.7695  28.7281  25.3149
50  0.775  28.5879  25.6635
51  0.7805  28.4458  26.0056
52  0.786  28.3018  26.3411
53  0.7915  28.1561  26.67
54  0.797  28.0085  26.9923
55  0.8025  27.8592  27.3078
56  0.808  27.7081  27.6166
57  0.8135  27.5554  27.9186
58  0.819  27.401  28.2136
59  0.8245  27.2451  28.5018
60  0.83  27.0875  28.783
61  0.8355  26.9285  29.0573
62  0.841  26.7679  29.3245
63  0.8465  26.6059  29.5847
64  0.852  26.4425  29.8378
65  0.8575  26.2777  30.0838
66  0.863  26.1116  30.3227
67  0.8685  25.9442  30.5545
68  0.874  25.7755  30.779
69  0.8795  25.6057  30.9964
70  0.885  25.4346  31.2066
71  0.8905  25.2624  31.4097
72  0.896  25.0891  31.6055
73  0.9015  24.9148  31.7941
74  0.907  24.7394  31.9755
75  0.9125  24.5631  32.1497
76  0.918  24.3858  32.3167
77  0.9235  24.2076  32.4765
78  0.929  24.0286  32.6291
79  0.9345  23.8487  32.7746
80  0.94  23.6681  32.9129
81  0.9455  23.4867  33.0441
82  0.951  23.3046  33.1681
83  0.9565  23.1219  33.2851
84  0.962  22.9385  33.395
85  0.9675  22.7546  33.4979
86  0.973  22.5701  33.5937
87  0.9785  22.3851  33.6826
88  0.984  22.1996  33.7645
89  0.9895  22.0137  33.8395
90  0.995  21.8274  33.9077
91  1.0005  21.6407  33.969
92  1.006  21.4537  34.0235
93  1.0115  21.2665  34.0714
94  1.017  21.079  34.1125
95  1.0225  20.8913  34.147
96  1.028  20.7034  34.1749
97  1.0335  20.5154  34.1963
98  1.039  20.3273  34.2112
99  1.0445  20.1391  34.2196
100  1.05  19.9509  34.2217
101  1.0555  19.7627  34.2176
102  1.061  19.5745  34.2072
103  1.0665  19.3864  34.1906
104  1.072  19.1984  34.1679
105  1.0775  19.0106  34.1392
106  1.083  18.8229  34.1045
107  1.0885  18.6355  34.0639
108  1.094  18.4483  34.0175
109  1.0995  18.2613  33.9654
110  1.105  18.0747  33.9076
111  1.1105  17.8883  33.8442
112  1.116  17.7024  33.7752
113  1.1215  17.5168  33.7009
114  1.127  17.3317  33.6211
115  1.1325  17.147  33.5361
116  1.138  16.9628  33.4459
117  1.1435  16.7791  33.3506
118  1.149  16.596  33.2503
119  1.1545  16.4134  33.145
120  1.16  16.2314  33.0349
121  1.1655  16.0501  32.92
122  1.171  15.8693  32.8004
123  1.1765  15.6893  32.6763
124  1.182  15.5099  32.5476
125  1.1875  15.3313  32.4145
126  1.193  15.1534  32.2771
127  1.1985  14.9762  32.1355
128  1.204  14.7999  31.9897
129  1.2095  14.6244  31.8398
130  1.215  14.4497  31.6861
131  1.2205  14.2758  31.5284
132  1.226  14.1029  31.367
133  1.2315  13.9308  31.2019
134  1.237  13.7597  31.0332
135  1.2425  13.5895  30.861
136  1.248  13.4202  30.6854
137  1.2535  13.252  30.5065
138  1.259  13.0847  30.3244
139  1.2645  12.9184  30.1392
140  1.27  12.7532  29.951
141  1.2755  12.589  29.7598
142  1.281  12.4258  29.5658
143  1.2865  12.2638  29.369
144  1.292  12.1028  29.1696
145  1.2975  11.9429  28.9676
146  1.303  11.7841  28.7631
147  1.3085  11.6265  28.5562
148  1.314  11.47  28.3471
149  1.3195  11.3147  28.1358
150  1.325  11.1606  27.9223
151  1.3305  11.0076  27.7069
152  1.336  10.8558  27.4895
153  1.3415  10.7052  27.2702
154  1.347  10.5558  27.0492
155  1.3525  10.4077  26.8266
156  1.358  10.2608  26.6023
157  1.3635  10.1151  26.3766
158  1.369  9.97063  26.1494
159  1.3745  9.82744  25.9209
160  1.38  9.68551  25.6912
161  1.3855  9.54484  25.4603
162  1.391  9.40545  25.2284
163  1.3965  9.26734  24.9954
164  1.402  9.13051  24.7615
165  1.4075  8.99497  24.5268
166  1.413  8.86073  24.2913
167  1.4185  8.72778  24.0552
168  1.424  8.59613  23.8184
169  1.4295  8.46578  23.5811
170  1.435  8.33674  23.3434
171  1.4405  8.20901  23.1052
172  1.446  8.08259  22.8668
173  1.4515  7.95748  22.6281
174  1.457  7.83369  22.3892
175  1.4625  7.71121  22.1502
176  1.468  7.59004  21.9112
177  1.4735  7.47019  21.6723
178  1.479  7.35165  21.4334
179  1.4845  7.23443  21.1947
180  1.49  7.11852  20.9562
181  1.4955  7.00392  20.718
182  1.501  6.89063  20.4801
183  1.5065  6.77864  20.2427
184  1.512  6.66796  20.0057
185  1.5175  6.55858  19.7692
186  1.523  6.4505  19.5333
187  1.5285  6.34372  19.2981
188  1.534  6.23823  19.0635
189  1.5395  6.13402  18.8297
190  1.545  6.0311  18.5967
191  1.5505  5.92946  18.3645
192  1.556  5.8291  18.1332
193  1.5615  5.73  17.9028
194  1.567  5.63217  17.6734
195  1.5725  5.5356  17.445
196  1.578  5.44028  17.2178
197  1.5835  5.3462  16.9916
198  1.589  5.25337  16.7666
199  1.5945  5.16177  16.5427
200  1.6  5.0714  16.3201
201  1.6055  4.98225  16.0988
202  1.611  4.89431  15.8788
203  1.6165  4.80759  15.6601
204  1.622  4.72205  15.4428
205  1.6275  4.63771  15.227
206  1.633  4.55456  15.0125
207  1.6385  4.47258  14.7996
208  1.644  4.39176  14.5881
209  1.6495  4.31211  14.3782
210  1.655  4.2336  14.1698
211  1.6605  4.15624  13.963
212  1.666  4.08001  13.7578
213  1.6715  4.0049  13.5543
214  1.677  3.93091  13.3524
215  1.6825  3.85803  13.1522
216  1.688  3.78624  12.9537
217  1.6935  3.71554  12.7569
218  1.699  3.64591  12.5618
219  1.7045  3.57736  12.3685
220  1.71  3.50986  12.177
221  1.7155  3.44341  11.9872
222  1.721  3.378  11.7993
223  1.7265  3.31361  11.6131
224  1.732  3.25025  11.4288
225  1.7375  3.1879  11.2464
226  1.743  3.12654  11.0657
227  1.7485  3.06617  10.887
228  1.754  3.00678  10.7101
229  1.7595  2.94836  10.5351
230  1.765  2.89089  10.3619
231  1.7705  2.83438  10.1907
232  1.776  2.77879  10.0213
233  1.7815  2.72414  9.8539
234  1.787  2.6704  9.68835
235  1.7925  2.61756  9.52471
236  1.798  2.56563  9.36298
237  1.8035  2.51457  9.20316
238  1.809  2.46439  9.04525
239  1.8145  2.41507  8.88925
240  1.82  2.3666  8.73516
241  1.8255  2.31898  8.58298
242  1.831  2.27219  8.4327
243  1.8365  2.22622  8.28433
244  1.842  2.18106  8.13787
245  1.8475  2.1367  7.99329
246  1.853  2.09313  7.85061
247  1.8585  2.05034  7.70982
248  1.864  2.00832  7.57091
249  1.8695  1.96706  7.43388
250  1.875  1.92654  7.29871
251  1.8805  1.88677  7.1654
252  1.886  1.84772  7.03395
253  1.8915  1.80939  6.90434
254  1.897  1.77177  6.77657
255  1.9025  1.73485  6.65062
256  1.908  1.69861  6.52649
257  1.9135  1.66305  6.40417
258  1.919  1.62816  6.28364
259  1.9245  1.59393  6.1649
260  1.93  1.56035  6.04794
261  1.9355  1.5274  5.93273
262  1.941  1.49508  5.81927
263  1.9465  1.46339  5.70755
264  1.952  1.4323  5.59756
265  1.9575  1.40181  5.48928
266  1.963  1.37191  5.38269
267  1.9685  1.3426  5.27779
268  1.974  1.31386  5.17456
269  1.9795  1.28568  5.07299
270  1.985  1.25805  4.97305
271  1.9905  1.23097  4.87475
272  1.996  1.20442  4.77805
273  2.0015  1.17841  4.68295
274  2.007  1.15291  4.58944
275  2.0125  1.12792  4.49749
276  2.018  1.10343  4.40709
277  2.0235  1.07944  4.31822
278  2.029  1.05593  4.23087
279  2.0345  1.0329  4.14503
280  2.04  1.01033  4.06067
281  2.0455  0.988229  3.97778
282  2.051  0.966576  3.89634
283  2.0565  0.945367  3.81634
284  2.062  0.924593  3.73776
285  2.0675  0.904249  3.66058
286  2.073  0.884325  3.58479
287  2.0785  0.864814  3.51037
288  2.084  0.845708  3.4373
289  2.0895  0.827001  3.36556
290  2.095  0.808685  3.29515
291  2.1005  0.790752  3.22603
292  2.106  0.773196  3.15821
293  2.1115  0.75601  3.09164
294  2.117  0.739186  3.02633
295  2.1225  0.722718  2.96226
296  2.128  0.706599  2.8994
297  2.1335  0.690822  2.83774
298  2.139  0.675381  2.77726
299  2.1445  0.66027  2.71795
300  2.15  0.645482  2.65978
301  2.1555  0.63101  2.60276
302  2.161  0.61685  2.54684
303  2.1665  0.602993  2.49203
304  2.172  0.589435  2.4383
305  2.1775  0.57617  2.38563
306  2.183  0.563191  2.33402
307  2.1885  0.550494  2.28343
308  2.194  0.538072  2.23387
309  2.1995  0.525919  2.18531
310  2.205  0.514031  2.13773
311  2.2105  0.502403  2.09112
312  2.216  0.491027  2.04547
313  2.2215  0.479901  2.00075
314  2.227  0.469017  1.95696
315  2.2325  0.458372  1.91407
316  2.238  0.447961  1.87208
317  2.2435  0.437778  1.83096
318  2.249  0.427819  1.7907
319  2.2545  0.418078  1.75129
320  2.26  0.408553  1.71272
321  2.2655  0.399237  1.67496
322  2.271  0.390127  1.638
323  2.2765  0.381217  1.60183
324  2.282  0.372505  1.56644
325  2.2875  0.363985  1.53181
326  2.293  0.355654  1.49792
327  2.2985  0.347507  1.46477
328  2.304  0.33954  1.43233
329  2.3095  0.33175  1.4006
330  2.315  0.324132  1.36957
331  2.3205  0.316683  1.33921
332  2.326  0.309399  1.30953
333  2.3315  0.302277  1.28049
334  2.337  0.295313  1.2521
335  2.3425  0.288503  1.22433
336  2.348  0.281844  1.19719
337  2.3535  0.275332  1.17064
338  2.359  0.268965  1.1447
339  2.3645  0.26274  1.11933
340  2.37  0.256652  1.09453
341  2.3755  0.250699  1.07029
342  2.381  0.244877  1.04659
343  2.3865  0.239185  1.02343
344  2.392  0.233619  1.0008
345  2.3975  0.228175  0.978676
346  2.403  0.222852  0.957059
347  2.4085  0.217647  0.935934
348  2.414  0.212556  0.915291
349  2.4195  0.207577  0.895121
350  2.425  0.202709  0.875413
351  2.4305  0.197947  0.856158
352  2.436  0.19329  0.837346
353  2.4415  0.188735  0.818967
354  2.447  0.184281  0.801012
355  2.4525  0.179923  0.783472
356  2.458  0.175661  0.766338
357  2.4635  0.171493  0.749601
358  2.469  0.167415  0.733252
359  2.4745  0.163426  0.717283
360  2.48  0.159524  0.701685
361  2.4855  0.155707  0.686451
362  2.491  0.151973  0.671571
363  2.4965  0.148319  0.657039
364  2.502  0.144744  0.642845
365  2.5075  0.141247  0.628983
366  2.513  0.137825  0.615446
367  2.5185  0.134476  0.602224
368  2.524  0.1312  0.589313
369  2.5295  0.127993  0.576703
370  2.535  0.124855  0.564389
371  2.5405  0.121784  0.552363
372  2.546  0.118779  0.540619
373  2.5515  0.115837  0.529151
374  2.557  0.112958  0.517951
375  2.5625  0.110139  0.507013
376  2.568  0.10738  0.496332
377  2.5735  0.104679  0.485901
378  2.579  0.102034  0.475714
379  2.5845  0.0994455  0.465766
380  2.59  0.0969106  0.456051
381  2.5955  0.0944285  0.446563
382  2.601  0.0919979  0.437297
383  2.6065  0.0896177  0.428247
384  2.612  0.0872867  0.419408
385  2.6175  0.0850038  0.410776
386  2.623  0.0827678  0.402344
387  2.6285  0.0805776  0.394109
388  2.634  0.0784322  0.386065
389  2.6395  0.0763305  0.378208
390  2.645  0.0742715  0.370534
391  2.6505  0.0722542  0.363037
392  2.656  0.0702777  0.355713
393  2.6615  0.068341  0.348558
394  2.667  0.0664432  0.341568
395  2.6725  0.0645834  0.334739
396  2.678  0.0627607  0.328067
397  2.6835  0.0609744  0.321548
398  2.689  0.0592234  0.315177
399  2.6945  0.0575071  0.308952
400  2.7  0.0558246  0.302869
401  2.7055  0.0541752  0.296924
402  2.711  0.0525582  0.291114
403  2.7165  0.0509727  0.285435
404  2.722  0.0494181  0.279884
405  2.7275  0.0478937  0.274457
406  2.733  0.0463988  0.269153
407  2.7385  0.0449328  0.263966
408  2.744  0.0434949  0.258896
409  2.7495  0.0420847  0.253938
410  2.755  0.0407014  0.24909
411  2.7605  0.0393444  0.244348
412  2.766  0.0380133  0.239712
413  2.7715  0.0367074  0.235176
414  2.777  0.0354262  0.23074
415  2.7825  0.034169  0.2264
416  2.788  0.0329355  0.222154
417  2.7935  0.0317252  0.218
418  2.799  0.0305374  0.213935
419  2.8045  0.0293717  0.209957
420  2.81  0.0282276  0.206064
421  2.8155  0.0271048  0.202254
422  2.821  0.0260027  0.198524
423  2.8265  0.0249209  0.194873
424  2.832  0.0238589  0.191298
425  2.8375  0.0228164  0.187797
426  2.843  0.021793  0.18437
427  2.8485  0.0207882  0.181013
428  2.854  0.0198017  0.177725
429  2.8595  0.0188331  0.174504
430  2.865  0.017882  0.171349
431  2.8705  0.0169481  0.168257
432  2.876  0.0160311  0.165228
433  2.8815  0.0151305  0.16226
434  2.887  0.0142461  0.15935
435  2.8925  0.0133775  0.156498
436  2.898  0.0125245  0.153703
437  2.9035  0.0116867  0.150962
438  2.909  0.0108638  0.148274
439  2.9145  0.0100555  0.145638
440  2.92  0.00926166  0.143054
441  2.9255  0.00848185  0.140518
442  2.931  0.00771586  0.138031
443  2.9365  0.00696342  0.13559
444  2.942  0.00622428  0.133196
445  2.9475  0.00549818  0.130846
446  2.953  0.00478488  0.12854
447  2.9585  0.00408416  0.126276
448  2.964  0.00339577  0.124053
449  2.9695  0.00271949  0.121871
450  2.975  0.00205511  0.119729
451  2.9805  0.0014024  0.117625
452  2.986  0.000761168  0.115558
453  2.9915  0.000131199  0.113528
454  2.997  -0.000487704  0.111533
455  3.0025  -0.00109573  0.109574
456  3.008  -0.00169308  0.107648
457  3.0135  -0.00227992  0.105756
458  3.019  -0.00285645  0.103896
459  3.0245  -0.00342283  0.102067
460  3.03  -0.00397925  0.10027
461  3.0355  -0.00452585  0.0985024
462  3.041  -0.00506282  0.0967643
463  3.0465  -0.00559031  0.095055
464  3.052  -0.00610847  0.0933736
465  3.0575  -0.00661746  0.0917197
466  3.063  -0.00711743  0.0900924
467  3.0685  -0.00760852  0.0884914
468  3.074  -0.00809087  0.0869158
469  3.0795  -0.00856463  0.0853652
470  3.085  -0.00902992  0.0838389
471  3.0905  -0.00948689  0.0823365
472  3.096  -0.00993566  0.0808573
473  3.1015  -0.0103763  0.0794009
474  3.107  -0.0108091  0.0779667
475  3.1125  -0.011234  0.0765543
476  3.118  -0.0116512  0.0751632
477  3.1235  -0.0120608  0.0737929
478  3.129  -0.012463  0.0724429
479  3.1345  -0.0128577  0.0711128
480  3.14  -0.0132452  0.0698022
481  3.1455  -0.0136256  0.0685107
482  3.151  -0.0139989  0.0672378
483  3.1565  -0.0143652  0.0659832
484  3.162  -0.0147247  0.0647465
485  3.1675  -0.0150774  0.0635273
486  3.173  -0.0154235  0.0623252
487  3.1785  -0.015763  0.0611399
488  3.184  -0.0160961  0.059971
489  3.1895  -0.0164227  0.0588183
490  3.195  -0.0167431  0.0576813
491  3.2005  -0.0170572  0.0565598
492  3.206  -0.0173652  0.0554535
493  3.2115  -0.0176672  0.054362
494  3.217  -0.0179632  0.0532851
495  3.2225  -0.0182534  0.0522225
496  3.228  -0.0185377  0.0511739
497  3.2335  -0.0188163  0.0501391
498  3.239  -0.0190892  0.0491177
499  3.2445  -0.0193566  0.0481096
500  3.25  -0.0196184  0.0471145
501  3.2555  -0.0198748  0.0461321
502  3.261  -0.0201259  0.0451622
503  3.2665  -0.0203716  0.0442046
504  3.272  -0.0206121  0.0432591
505  3.2775  -0.0208475  0.0423254
506  3.283  -0.0210777  0.0414033
507  3.2885  -0.0213029  0.0404927
508  3.294  -0.0215231  0.0395934
509  3.2995  -0.0217384  0.0387051
510  3.305  -0.0219489  0.0378276
511  3.3105  -0.0221545  0.0369608
512  3.316  -0.0223554  0.0361045
513  3.3215  -0.0225517  0.0352586
514  3.327  -0.0227433  0.0344228
515  3.3325  -0.0229303  0.033597
516  3.338  -0.0231128  0.032781
517  3.3435  -0.0232909  0.0319747
518  3.349  -0.0234645  0.0311779
519  3.3545  -0.0236338  0.0303905
520  3.36  -0.0237988  0.0296123
521  3.3655  -0.0239595  0.0288432
522  3.371  -0.0241161  0.0280831
523  3.3765  -0.0242685  0.0273318
524  3.382  -0.0244167  0.0265892
525  3.3875  -0.0245609  0.0258551
526  3.393  -0.0247011  0.0251295
527  3.3985  -0.0248373  0.0244122
528  3.404  -0.0249696  0.0237031
529  3.4095  -0.0250981  0.0230022
530  3.415  -0.0252226  0.0223092
531  3.4205  -0.0253434  0.021624
532  3.426  -0.0254605  0.0209467
533  3.4315  -0.0255738  0.020277
534  3.437  -0.0256835  0.0196148
535  3.4425  -0.0257896  0.0189602
536  3.448  -0.0258921  0.0183129
537  3.4535  -0.025991  0.0176728
538  3.459  -0.0260865  0.01704
539  3.4645  -0.0261785  0.0164143
540  3.47  -0.026267  0.0157955
541  3.4755  -0.0263522  0.0151837
542  3.481  -0.026434  0.0145788
543  3.4865  -0.0265125  0.0139806
544  3.492  -0.0265878  0.0133891
545  3.4975  -0.0266598  0.0128042
546  3.503  -0.0267286  0.0122259
547  3.5085  -0.0267943  0.011654
548  3.514  -0.0268568  0.0110885
549  3.5195  -0.0269162  0.0105293
550  3.525  -0.0269726  0.00997639
551  3.5305  -0.027026  0.00942966
552  3.536  -0.0270763  0.00888906
553  3.5415  -0.0271237  0.00835452
554  3.547  -0.0271682  0.00782598
555  3.5525  -0.0272098  0.00730339
556  3.558  -0.0272485  0.00678667
557  3.5635  -0.0272844  0.00627578
558  3.569  -0.0273176  0.00577066
559  3.5745  -0.0273479  0.00527125
560  3.58  -0.0273755  0.0047775
561  3.5855  -0.0274004  0.00428936
562  3.591  -0.0274227  0.00380677
563  3.5965  -0.0274423  0.0033297
564  3.602  -0.0274593  0.00285808
565  3.6075  -0.0274737  0.00239187
566  3.613  -0.0274856  0.00193102
567  3.6185  -0.027495  0.00147549
568  3.624  -0.0275018  0.00102523
569  3.6295  -0.0275062  0.000580207
570  3.635  -0.0275082  0.000140366
571  3.6405  -0.0275078  -0.000294331
572  3.646  -0.027505  -0.000723925
573  3.6515  -0.0274998  -0.00114846
574  3.657  -0.0274923  -0.00156796
575  3.6625  -0.0274825  -0.00198249
576  3.668  -0.0274705  -0.00239206
577  3.6735  -0.0274562  -0.00279673
578  3.679  -0.0274397  -0.00319652
579  3.6845  -0.027421  -0.00359147
580  3.69  -0.0274002  -0.00398162
581  3.6955  -0.0273772  -0.004367
582  3.701  -0.0273522  -0.00474765
583  3.7065  -0.027325  -0.00512359
584  3.712  -0.0272958  -0.00549486
585  3.7175  -0.0272646  -0.00586149
586  3.723  -0.0272313  -0.00622352
587  3.7285  -0.0271961  -0.00658096
588  3.734  -0.0271589  -0.00693386
589  3.7395  -0.0271198  -0.00728224
590  3.745  -0.0270788  -0.00762614
591  3.7505  -0.0270359  -0.00796557
592  3.756  -0.0269912  -0.00830057
593  3.7615  -0.0269446  -0.00863116
594  3.767  -0.0268962  -0.00895738
595  3.7725  -0.0268461  -0.00927924
596  3.778  -0.0267942  -0.00959678
597  3.7835  -0.0267405  -0.00991002
598  3.789  -0.0266852  -0.010219
599  3.7945  -0.0266281  -0.0105237
600  3.8  -0.0265694  -0.0108242
601  3.8055  -0.026509  -0.0111205
602  3.811  -0.0264471  -0.0114126
603  3.8165  -0.0263835  -0.0117006
604  3.822  -0.0263184  -0.0119844
605  3.8275  -0.0262517  -0.0122641
606  3.833  -0.0261835  -0.0125398
607  3.8385  -0.0261137  -0.0128113
608  3.844  -0.0260425  -0.0130789
609  3.8495  -0.0259699  -0.0133424
610  3.855  -0.0258958  -0.0136019
611  3.8605  -0.0258203  -0.0138575
612  3.866  -0.0257434  -0.0141091
613  3.8715  -0.0256651  -0.0143568
614  3.877  -0.0255854  -0.0146005
615  3.8825  -0.0255045  -0.0148404
616  3.888  -0.0254222  -0.0150764
617  3.8935  -0.0253386  -0.0153086
618  3.899  -0.0252538  -0.0155369
619  3.9045  -0.0251677  -0.0157614
620  3.91  -0.0250805  -0.0159821
621  3.9155  -0.024992  -0.0161991
622  3.921  -0.0249023  -0.0164123
623  3.9265  -0.0248114  -0.0166218
624  3.932  -0.0247194  -0.0168275
625  3.9375  -0.0246263  -0.0170296
626  3.943  -0.0245321  -0.017228
627  3.9485  -0.0244368  -0.0174227
628  3.954  -0.0243405  -0.0176138
629  3.9595  -0.0242431  -0.0178013
630  3.965  -0.0241447  -0.0179852
631  3.9705  -0.0240453  -0.0181655
632  3.976  -0.0239449  -0.0183423
633  3.9815  -0.0238435  -0.0185155
634  3.987  -0.0237412  -0.0186852
635  3.9925  -0.023638  -0.0188514
636  3.998  -0.0235339  -0.0190141
637  4.0035  -0.0234289  -0.0191733
638  4.009  -0.023323  -0.0193291
639  4.0145  -0.0232163  -0.0194814
640  4.02  -0.0231087  -0.0196304
641  4.0255  -0.0230004  -0.0197759
642  4.031  -0.0228912  -0.0199181
643  4.0365  -0.0227813  -0.0200569
644  4.042  -0.0226706  -0.0201923
645  4.0475  -0.0225592  -0.0203245
646  4.053  -0.0224471  -0.0204533
647  4.0585  -0.0223342  -0.0205789
648  4.064  -0.0222207  -0.0207012
649  4.0695  -0.0221066  -0.0208203
650  4.075  -0.0219917  -0.0209361
651  4.0805  -0.0218763  -0.0210487
652  4.086  -0.0217602  -0.0211581
653  4.0915  -0.0216436  -0.0212644
654  4.097  -0.0215264  -0.0213675
655  4.1025  -0.0214086  -0.0214674
656  4.108  -0.0212902  -0.0215643
657  4.1135  -0.0211714  -0.021658
658  4.119  -0.021052  -0.0217487
659  4.1245  -0.0209322  -0.0218363
660  4.13  -0.0208119  -0.0219209
661  4.1355  -0.0206911  -0.0220025
662  4.141  -0.0205699  -0.022081
663  4.1465  -0.0204482  -0.0221566
664  4.152  -0.0203262  -0.0222292
665  4.1575  -0.0202037  -0.0222989
666  4.163  -0.0200809  -0.0223656
667  4.1685  -0.0199578  -0.0224294
668  4.174  -0.0198342  -0.0224904
669  4.1795  -0.0197104  -0.0225485
670  4.185  -0.0195862  -0.0226037
671  4.1905  -0.0194618  -0.0226561
672  4.196  -0.0193371  -0.0227057
673  4.2015  -0.0192121  -0.0227526
674  4.207  -0.0190868  -0.0227966
675  4.2125  -0.0189614  -0.0228379
676  4.218  -0.0188357  -0.0228765
677  4.2235  -0.0187098  -0.0229124
678  4.229  -0.0185837  -0.0229456
679  4.2345  -0.0184574  -0.0229761
680  4.24  -0.018331  -0.023004
681  4.2455  -0.0182044  -0.0230293
682  4.251  -0.0180777  -0.023052
683  4.2565  -0.0179509  -0.0230721
684  4.262  -0.0178239  -0.0230896
685  4.2675  -0.0176969  -0.0231046
686  4.273  -0.0175698  -0.0231171
687  4.2785  -0.0174427  -0.0231271
688  4.284  -0.0173155  -0.0231346
689  4.2895  -0.0171882  -0.0231396
690  4.295  -0.017061  -0.0231422
691  4.3005  -0.0169337  -0.0231425
692  4.306  -0.0168065  -0.0231403
693  4.3115  -0.0166792  -0.0231358
694  4.317  -0.016552  -0.0231289
695  4.3225  -0.0164249  -0.0231197
696  4.328  -0.0162978  -0.0231082
697  4.3335  -0.0161707  -0.0230944
698  4.339  -0.0160438  -0.0230784
699  4.3445  -0.0159169  -0.0230601
700  4.35  -0.0157902  -0.0230396
701  4.3555  -0.0156635  -0.023017
702  4.361  -0.015537  -0.0229921
703  4.3665  -0.0154107  -0.0229652
704  4.372  -0.0152844  -0.0229361
705  4.3775  -0.0151584  -0.0229049
706  4.383  -0.0150325  -0.0228716
707  4.3885  -0.0149069  -0.0228363
708  4.394  -0.0147814  -0.022799
709  4.3995  -0.0146561  -0.0227596
710  4.405  -0.0145311  -0.0227183
711  4.4105  -0.0144063  -0.022675
712  4.416  -0.0142817  -0.0226298
713  4.4215  -0.0141574  -0.0225827
714  4.427  -0.0140334  -0.0225336
715  4.4325  -0.0139096  -0.0224827
716  4.438  -0.0137861  -0.02243
717  4.4435  -0.0136629  -0.0223754
718  4.449  -0.01354  -0.0223191
719  4.4545  -0.0134175  -0.022261
720  4.46  -0.0132952  -0.0222011
721  4.4655  -0.0131733  -0.0221395
722  4.471  -0.0130517  -0.0220762
723  4.4765  -0.0129305  -0.0220112
724  4.482  -0.0128097  -0.0219446
725  4.4875  -0.0126892  -0.0218764
726  4.493  -0.0125691  -0.0218065
727  4.4985  -0.0124494  -0.0217351
728  4.504  -0.0123301  -0.021662
729  4.5095  -0.0122111  -0.0215875
730  4.515  -0.0120927  -0.0215115
731  4.5205  -0.0119746  -0.0214339
732  4.526  -0.0118569  -0.0213549
733  4.5315  -0.0117397  -0.0212745
734  4.537  -0.011623  -0.0211926
735  4.5425  -0.0115067  -0.0211094
736  4.548  -0.0113908  -0.0210248
737  4.5535  -0.0112755  -0.0209388
738  4.559  -0.0111606  -0.0208515
739  4.5645  -0.0110461  -0.0207629
740  4.57  -0.0109322  -0.0206731
741  4.5755  -0.0108188  -0.020582
742  4.581  -0.0107059  -0.0204897
743  4.5865  -0.0105935  -0.0203961
744  4.592  -0.0104816  -0.0203014
745  4.5975  -0.0103702  -0.0202056
746  4.603  -0.0102594  -0.0201086
747  4.6085  -0.0101491  -0.0200105
748  4.614  -0.0100393  -0.0199113
749  4.6195  -0.0099301  -0.0198111
750  4.625  -0.00982144  -0.0197098
751  4.6305  -0.00971335  -0.0196075
752  4.636  -0.00960582  -0.0195042
753  4.6415  -0.00949886  -0.0194
754  4.647  -0.00939247  -0.0192948
755  4.6525  -0.00928667  -0.0191887
756  4.658  -0.00918145  -0.0190817
757  4.6635  -0.00907683  -0.0189738
758  4.669  -0.0089728  -0.018865
759  4.6745  -0.00886937  -0.0187555
760  4.68  -0.00876654  -0.0186451
761  4.6855  -0.00866433  -0.0185339
762  4.691  -0.00856272  -0.018422
763  4.6965  -0.00846174  -0.0183094
764  4.702  -0.00836137  -0.018196
765  4.7075  -0.00826164  -0.0180819
766  4.713  -0.00816253  -0.0179672
767  4.7185  -0.00806405  -0.0178518
768  4.724  -0.00796621  -0.0177358
769  4.7295  -0.00786901  -0.0176192
770  4.735  -0.00777245  -0.017502
771  4.7405  -0.00767654  -0.0173843
772  4.746  -0.00758128  -0.017266
773  4.7515  -0.00748667  -0.0171471
774  4.757  -0.00739271  -0.0170278
775  4.7625  -0.00729941  -0.016908
776  4.768  -0.00720677  -0.0167878
777  4.7735  -0.0071148  -0.0166671
778  4.779  -0.00702349  -0.0165461
779  4.7845  -0.00693284  -0.0164246
780  4.79  -0.00684287  -0.0163027
781  4.7955  -0.00675356  -0.0161805
782  4.801  -0.00666493  -0.016058
783  4.8065  -0.00657697  -0.0159352
784  4.812  -0.00648969  -0.015812
785  4.8175  -0.00640309  -0.0156886
786  4.823  -0.00631716  -0.015565
787  4.8285  -0.00623192  -0.0154411
788  4.834  -0.00614736  -0.015317
789  4.8395  -0.00606348  -0.0151927
790  4.845  -0.00598028  -0.0150683
791  4.8505  -0.00589777  -0.0149437
792  4.856  -0.00581595  -0.0148189
793  4.8615  -0.00573481  -0.0146941
794  4.867  -0.00565436  -0.0145691
795  4.8725  -0.00557459  -0.0144441
796  4.878  -0.00549552  -0.014319
797  4.8835  -0.00541713  -0.0141939
798  4.889  -0.00533943  -0.0140687
799  4.8945  -0.00526241  -0.0139436
800  4.9  -0.00518609  -0.0138184
801  4.9055  -0.00511045  -0.0136933
802  4.911  -0.00503551  -0.0135682
803  4.9165  -0.00496124  -0.0134432
804  4.922  -0.00488767  -0.0133182
805  4.9275  -0.00481478  -0.0131934
806  4.933  -0.00474258  -0.0130687
807  4.9385  -0.00467107  -0.0129441
808  4.944  -0.00460024  -0.0128196
809  4.9495  -0.00453009  -0.0126953
810  4.955  -0.00446062  -0.0125712
811  4.9605  -0.00439184  -0.0124472
812  4.966  -0.00432374  -0.0123235
813  4.9715  -0.00425632  -0.0122
814  4.977  -0.00418958  -0.0120767
815  4.9825  -0.00412351  -0.0119537
816  4.988  -0.00405812  -0.011831
817  4.9935  -0.0039934  -0.0117085
818  4.999  -0.00392936  -0.0115863
819  5.0045  -0.00386598  -0.0114645
820  5.01  -0.00380328  -0.0113429
821  5.0155  -0.00374124  -0.0112217
822  5.021  -0.00367987  -0.0111009
823  5.0265  -0.00361916  -0.0109804
824  5.032  -0.00355911  -0.0108603
825  5.0375  -0.00349973  -0.0107405
826  5.043  -0.003441  -0.0106212
827  5.0485  -0.00338292  -0.0105023
828  5.054  -0.0033255  -0.0103838
829  5.0595  -0.00326873  -0.0102657
830  5.065  -0.0032126  -0.0101481
831  5.0705  -0.00315712  -0.010031
832  5.076  -0.00310228  -0.0099143
833  5.0815  -0.00304809  -0.00979811
834  5.087  -0.00299453  -0.00968241
835  5.0925  -0.0029416  -0.00956722
836  5.098  -0.00288931  -0.00945254
837  5.1035  -0.00283765  -0.00933839
838  5.109  -0.00278661  -0.00922477
839  5.1145  -0.00273619  -0.00911169
840  5.12  -0.0026864  -0.00899918
841  5.1255  -0.00263722  -0.00888722
842  5.131  -0.00258866  -0.00877584
843  5.1365  -0.0025407  -0.00866504
844  5.142  -0.00249336  -0.00855484
845  5.1475  -0.00244661  -0.00844523
846  5.153  -0.00240047  -0.00833623
847  5.1585  -0.00235493  -0.00822785
848  5.164  -0.00230998  -0.00812009
849  5.1695  -0.00226562  -0.00801297
850  5.175  -0.00222185  -0.00790649
851  5.1805  -0.00217866  -0.00780065
852  5.186  -0.00213605  -0.00769547
853  5.1915  -0.00209402  -0.00759095
854  5.197  -0.00205256  -0.0074871
855  5.2025  -0.00201167  -0.00738392
856  5.208  -0.00197135  -0.00728143
857  5.2135  -0.00193158  -0.00717963
858  5.219  -0.00189238  -0.00707852
859  5.2245  -0.00185373  -0.00697811
860  5.23  -0.00181563  -0.0068784
861  5.2355  -0.00177807  -0.00677941
862  5.241  -0.00174106  -0.00668113
863  5.2465  -0.00170458  -0.00658357
864  5.252  -0.00166864  -0.00648674
865  5.2575  -0.00163323  -0.00639065
866  5.263  -0.00159834  -0.00629528
867  5.2685  -0.00156398  -0.00620066
868  5.274  -0.00153014  -0.00610678
869  5.2795  -0.00149681  -0.00601365
870  5.285  -0.00146398  -0.00592127
871  5.2905  -0.00143167  -0.00582965
872  5.296  -0.00139986  -0.00573879
873  5.3015  -0.00136854  -0.00564868
874  5.307  -0.00133772  -0.00555935
875  5.3125  -0.00130738  -0.00547078
876  5.318  -0.00127753  -0.00538298
877  5.3235  -0.00124816  -0.00529595
878  5.329  -0.00121927  -0.0052097
879  5.3345  -0.00119085  -0.00512423
880  5.34  -0.00116289  -0.00503954
881  5.3455  -0.0011354  -0.00495563
882  5.351  -0.00110837  -0.0048725
883  5.3565  -0.0010818  -0.00479016
884  5.362  -0.00105567  -0.0047086
885  5.3675  -0.00102999  -0.00462783
886  5.373  -0.00100475  -0.00454785
887  5.3785  -0.000979951  -0.00446866
888  5.384  -0.000955583  -0.00439026
889  5.3895  -0.000931644  -0.00431265
890  5.395  -0.000908129  -0.00423583
891  5.4005  -0.000885035  -0.0041598
892  5.406  -0.000862355  -0.00408457
893  5.4115  -0.000840088  -0.00401012
894  5.417  -0.000818227  -0.00393647
895  5.4225  -0.000796768  -0.0038636
896  5.428  -0.000775708  -0.00379153
897  5.4335  -0.000755042  -0.00372025
898  5.439  -0.000734766  -0.00364975
899  5.4445  -0.000714874  -0.00358005
900  5.45  -0.000695364  -0.00351113
901  5.4555  -0.00067623  -0.00344299
902  5.461  -0.000657468  -0.00337565
903  5.4665  -0.000639075  -0.00330908
904  5.472  -0.000621045  -0.0032433
905  5.4775  -0.000603374  -0.00317829
906  5.483  -0.000586059  -0.00311407
907  5.4885  -0.000569094  -0.00305062
908  5.494  -0.000552476  -0.00298795
909  5.4995  -0.0005362  -0.00292605
910  5.505  -0.000520262  -0.00286491
911  5.5105  -0.000504658  -0.00280455
912  5.516  -0.000489383  -0.00274495
913  5.5215  -0.000474434  -0.00268612
914  5.527  -0.000459806  -0.00262804
915  5.5325  -0.000445496  -0.00257072
916  5.538  -0.000431498  -0.00251416
917  5.5435  -0.000417809  -0.00245834
918  5.549  -0.000404424  -0.00240328
919  5.5545  -0.00039134  -0.00234896
920  5.56  -0.000378553  -0.00229538
921  5.5655  -0.000366057  -0.00224254
922  5.571  -0.000353851  -0.00219043
923  5.5765  -0.000341928  -0.00213905
924  5.582  -0.000330286  -0.00208841
925  5.5875  -0.00031892  -0.00203848
926  5.593  -0.000307826  -0.00198928
927  5.5985  -0.000297001  -0.00194079
928  5.604  -0.000286441  -0.00189301
929  5.6095  -0.00027614  -0.00184594
930  5.615  -0.000266097  -0.00179958
931  5.6205  -0.000256306  -0.00175392
932  5.626  -0.000246765  -0.00170895
933  5.6315  -0.000237468  -0.00166467
934  5.637  -0.000228413  -0.00162107
935  5.6425  -0.000219596  -0.00157816
936  5.648  -0.000211012  -0.00153593
937  5.6535  -0.000202659  -0.00149437
938  5.659  -0.000194532  -0.00145348
939  5.6645  -0.000186628  -0.00141325
940  5.67  -0.000178944  -0.00137368
941  5.6755  -0.000171475  -0.00133476
942  5.681  -0.000164218  -0.00129649
943  5.6865  -0.000157169  -0.00125887
944  5.692  -0.000150325  -0.00122188
945  5.6975  -0.000143683  -0.00118553
946  5.703  -0.000137239  -0.00114981
947  5.7085  -0.000130989  -0.00111471
948  5.714  -0.000124931  -0.00108022
949  5.7195  -0.00011906  -0.00104636
950  5.725  -0.000113374  -0.0010131
951  5.7305  -0.000107869  -0.000980437
952  5.736  -0.000102541  -0.000948376
953  5.7415  -9.73884e-05  -0.000916907
954  5.747  -9.24068e-05  -0.000886024
955  5.7525  -8.75932e-05  -0.000855722
956  5.758  -8.29446e-05  -0.000825995
957  5.7635  -7.84577e-05  -0.000796838
958  5.769  -7.41294e-05  -0.000768246
959  5.7745  -6.99566e-05  -0.000740213
960  5.78  -6.59364e-05  -0.000712733
961  5.7855  -6.20656e-05  -0.000685801
962  5.791  -5.83413e-05  -0.000659411
963  5.7965  -5.47604e-05  -0.000633557
964  5.802  -5.13202e-05  -0.000608235
965  5.8075  -4.80176e-05  -0.000583438
966  5.813  -4.48499e-05  -0.00055916
967  5.8185  -4.18141e-05  -0.000535396
968  5.824  -3.89074e-05  -0.000512141
969  5.8295  -3.61271e-05  -0.000489388
970  5.835  -3.34705e-05  -0.000467132
971  5.8405  -3.09348e-05  -0.000445367
972  5.846  -2.85173e-05  -0.000424087
973  5.8515  -2.62154e-05  -0.000403288
974  5.857  -2.40264e-05  -0.000382962
975  5.8625  -2.19479e-05  -0.000363105
976  5.868  -1.99771e-05  -0.00034371
977  5.8735  -1.81117e-05  -0.000324772
978  5.879  -1.6349e-05  -0.000306286
979  5.8845  -1.46867e-05  -0.000288245
980  5.89  -1.31223e-05  -0.000270643
981  5.8955  -1.16533e-05  -0.000253476
982  5.901  -1.02776e-05  -0.000236738
983  5.9065  -8.99257e-06  -0.000220422
984  5.912  -7.79608e-06  -0.000204523
985  5.9175  -6.68579e-06  -0.000189036
986  5.923  -5.65948e-06  -0.000173955
987  5.9285  -4.71492e-06  -0.000159274
988  5.934  -3.84993e-06  -0.000144987
989  5.9395  -3.06235e-06  -0.00013109
990  5.945  -2.35008e-06  -0.000117577
991  5.9505  -1.71101e-06  -0.000104441
992  5.956  -1.14308e-06  -9.16776e-05
993  5.9615  -6.44273e-07  -7.92814e-05
994  5.967  -2.12575e-07  -6.72467e-05
995  5.9725  1.53979e-07  -5.5568e-05
996  5.978  4.57331e-07  -4.42399e-05
997  5.9835  6.9939e-07  -3.3257e-05
998  5.989  8.82038e-07  -2.26138e-05
999  5.9945  1.00713e-06  -1.23052e-05
1000  6  1.07648e-06  -2.32563e-06
