LARS_2B
N  1001  R  0.5  6

0  0.5  14.2726  2.65751
1  0.5055  14.2572  2.92979
2  0.511  14.2404  3.20166
3  0.5165  14.222  3.47304
4  0.522  14.2022  3.74387
5  0.5275  14.1808  4.01406
6  0.533  14.158  4.28354
7  0.5385  14.1337  4.55222
8  0.544  14.1079  4.82003
9  0.5495  14.0807  5.08689
10  0.555  14.052  5.35273
11  0.5605  14.0218  5.61747
12  0.566  13.9902  5.88104
13  0.5715  13.9571  6.14336
14  0.577  13.9226  6.40435
15  0.5825  13.8866  6.66395
16  0.588  13.8493  6.92207
17  0.5935  13.8105  7.17865
18  0.599  13.7703  7.43361
19  0.6045  13.7287  7.68688
20  0.61  13.6857  7.93839
21  0.6155  13.6414  8.18807
22  0.621  13.5957  8.43585
23  0.6265  13.5486  8.68167
24  0.632  13.5002  8.92544
25  0.6375  13.4504  9.16712
26  0.643  13.3993  9.40662
27  0.6485  13.347  9.64388
28  0.654  13.2933  9.87885
29  0.6595  13.2383  10.1115
30  0.665  13.182  10.3416
31  0.6705  13.1245  10.5693
32  0.676  13.0658  10.7945
33  0.6815  13.0058  11.017
34  0.687  12.9446  11.2369
35  0.6925  12.8822  11.454
36  0.698  12.8186  11.6684
37  0.7035  12.7538  11.8799
38  0.709  12.6879  12.0885
39  0.7145  12.6209  12.2942
40  0.72  12.5527  12.497
41  0.7255  12.4834  12.6966
42  0.731  12.413  12.8932
43  0.7365  12.3416  13.0866
44  0.742  12.2691  13.2769
45  0.7475  12.1956  13.4639
46  0.753  12.121  13.6476
47  0.7585  12.0454  13.8281
48  0.764  11.9689  14.0051
49  0.7695  11.8914  14.1788
50  0.775  11.8129  14.349
51  0.7805  11.7336  14.5158
52  0.786  11.6533  14.6791
53  0.7915  11.5721  14.8388
54  0.797  11.4901  14.9949
55  0.8025  11.4072  15.1474
56  0.808  11.3235  15.2963
57  0.8135  11.2389  15.4415
58  0.819  11.1536  15.5831
59  0.8245  11.0675  15.7209
60  0.83  10.9807  15.855
61  0.8355  10.8931  15.9853
62  0.841  10.8049  16.1118
63  0.8465  10.7159  16.2345
64  0.852  10.6263  16.3534
65  0.8575  10.536  16.4685
66  0.863  10.4451  16.5797
67  0.8685  10.3537  16.6871
68  0.874  10.2616  16.7905
69  0.8795  10.169  16.8901
70  0.885  10.0758  16.9858
71  0.8905  9.98215  17.0775
72  0.896  9.88798  17.1654
73  0.9015  9.79334  17.2493
74  0.907  9.69825  17.3293
75  0.9125  9.60273  17.4054
76  0.918  9.5068  17.4775
77  0.9235  9.41049  17.5458
78  0.929  9.31381  17.6101
79  0.9345  9.21679  17.6705
80  0.94  9.11945  17.727
81  0.9455  9.02181  17.7795
82  0.951  8.92389  17.8282
83  0.9565  8.82571  17.873
84  0.962  8.72729  17.9139
85  0.9675  8.62867  17.951
86  0.973  8.52985  17.9842
87  0.9785  8.43085  18.0135
88  0.984  8.33171  18.0391
89  0.9895  8.23244  18.0608
90  0.995  8.13305  18.0788
91  1.0005  8.03358  18.0929
92  1.006  7.93404  18.1034
93  1.0115  7.83446  18.1101
94  1.017  7.73484  18.1131
95  1.0225  7.63522  18.1125
96  1.028  7.53562  18.1082
97  1.0335  7.43605  18.1002
98  1.039  7.33653  18.0887
99  1.0445  7.23708  18.0736
100  1.05  7.13773  18.055
101  1.0555  7.03849  18.0329
102  1.061  6.93938  18.0073
103  1.0665  6.84042  17.9783
104  1.072  6.74163  17.9459
105  1.0775  6.64302  17.9101
106  1.083  6.54463  17.871
107  1.0885  6.44645  17.8286
108  1.094  6.34852  17.7829
109  1.0995  6.25085  17.734
110  1.105  6.15346  17.682
111  1.1105  6.05636  17.6268
112  1.116  5.95957  17.5685
113  1.1215  5.86312  17.5072
114  1.127  5.76701  17.4428
115  1.1325  5.67126  17.3755
116  1.138  5.57588  17.3053
117  1.1435  5.48091  17.2322
118  1.149  5.38634  17.1563
119  1.1545  5.2922  17.0776
120  1.16  5.1985  16.9961
121  1.1655  5.10525  16.912
122  1.171  5.01247  16.8252
123  1.1765  4.92018  16.7358
124  1.182  4.82839  16.6439
125  1.1875  4.73711  16.5495
126  1.193  4.64635  16.4527
127  1.1985  4.55614  16.3535
128  1.204  4.46647  16.2519
129  1.2095  4.37737  16.148
130  1.215  4.28885  16.0419
131  1.2205  4.20092  15.9336
132  1.226  4.11359  15.8232
133  1.2315  4.02687  15.7107
134  1.237  3.94078  15.5962
135  1.2425  3.85532  15.4797
136  1.248  3.77051  15.3613
137  1.2535  3.68635  15.241
138  1.259  3.60286  15.1189
139  1.2645  3.52005  14.995
140  1.27  3.43792  14.8694
141  1.2755  3.35649  14.7422
142  1.281  3.27577  14.6133
143  1.2865  3.19575  14.483
144  1.292  3.11646  14.3511
145  1.2975  3.0379  14.2178
146  1.303  2.96007  14.0831
147  1.3085  2.88299  13.947
148  1.314  2.80666  13.8097
149  1.3195  2.73108  13.6712
150  1.325  2.65628  13.5315
151  1.3305  2.58224  13.3907
152  1.336  2.50898  13.2488
153  1.3415  2.43651  13.1058
154  1.347  2.36482  12.962
155  1.3525  2.29393  12.8172
156  1.358  2.22384  12.6716
157  1.3635  2.15455  12.5251
158  1.369  2.08606  12.3779
159  1.3745  2.01839  12.23
160  1.38  1.95154  12.0815
161  1.3855  1.8855  11.9323
162  1.391  1.82028  11.7826
163  1.3965  1.75589  11.6324
164  1.402  1.69233  11.4817
165  1.4075  1.6296  11.3307
166  1.413  1.56769  11.1793
167  1.4185  1.50663  11.0275
168  1.424  1.44639  10.8755
169  1.4295  1.387  10.7233
170  1.435  1.32844  10.571
171  1.4405  1.27072  10.4185
172  1.446  1.21384  10.2659
173  1.4515  1.15779  10.1133
174  1.457  1.10259  9.96069
175  1.4625  1.04823  9.80816
176  1.468  0.994703  9.65572
177  1.4735  0.942015  9.50343
178  1.479  0.890165  9.35132
179  1.4845  0.839151  9.19944
180  1.49  0.788972  9.04783
181  1.4955  0.739625  8.89652
182  1.501  0.69111  8.74555
183  1.5065  0.643424  8.59497
184  1.512  0.596565  8.44481
185  1.5175  0.550531  8.29512
186  1.523  0.505318  8.14592
187  1.5285  0.460925  7.99725
188  1.534  0.417348  7.84915
189  1.5395  0.374583  7.70166
190  1.545  0.332629  7.5548
191  1.5505  0.29148  7.40861
192  1.556  0.251133  7.26313
193  1.5615  0.211584  7.11839
194  1.567  0.172829  6.97441
195  1.5725  0.134864  6.83123
196  1.578  0.0976843  6.68887
197  1.5835  0.061285  6.54738
198  1.589  0.0256616  6.40676
199  1.5945  -0.00919103  6.26707
200  1.6  -0.0432779  6.12831
201  1.6055  -0.0766042  5.99051
202  1.611  -0.109175  5.85371
203  1.6165  -0.140997  5.71793
204  1.622  -0.172075  5.58318
205  1.6275  -0.202414  5.4495
206  1.633  -0.232021  5.31691
207  1.6385  -0.260902  5.18543
208  1.644  -0.289063  5.05507
209  1.6495  -0.31651  4.92587
210  1.655  -0.34325  4.79783
211  1.6605  -0.369289  4.67098
212  1.666  -0.394633  4.54535
213  1.6715  -0.41929  4.42093
214  1.677  -0.443266  4.29776
215  1.6825  -0.466568  4.17584
216  1.688  -0.489203  4.0552
217  1.6935  -0.511178  3.93585
218  1.699  -0.5325  3.8178
219  1.7045  -0.553177  3.70106
220  1.71  -0.573215  3.58565
221  1.7155  -0.592622  3.47159
222  1.721  -0.611405  3.35887
223  1.7265  -0.629572  3.24752
224  1.732  -0.64713  3.13754
225  1.7375  -0.664088  3.02894
226  1.743  -0.680452  2.92173
227  1.7485  -0.69623  2.81592
228  1.754  -0.71143  2.71152
229  1.7595  -0.726059  2.60852
230  1.765  -0.740127  2.50695
231  1.7705  -0.753639  2.4068
232  1.776  -0.766604  2.30808
233  1.7815  -0.779031  2.2108
234  1.787  -0.790926  2.11495
235  1.7925  -0.802298  2.02055
236  1.798  -0.813155  1.92758
237  1.8035  -0.823505  1.83607
238  1.809  -0.833355  1.74599
239  1.8145  -0.842714  1.65737
240  1.82  -0.851589  1.5702
241  1.8255  -0.859989  1.48447
242  1.831  -0.867921  1.40019
243  1.8365  -0.875394  1.31736
244  1.842  -0.882415  1.23597
245  1.8475  -0.888993  1.15602
246  1.853  -0.895135  1.07752
247  1.8585  -0.900849  1.00045
248  1.864  -0.906143  0.924809
249  1.8695  -0.911025  0.850601
250  1.875  -0.915502  0.777817
251  1.8805  -0.919583  0.706452
252  1.886  -0.923276  0.636501
253  1.8915  -0.926588  0.567958
254  1.897  -0.929527  0.500816
255  1.9025  -0.9321  0.43507
256  1.908  -0.934315  0.370712
257  1.9135  -0.93618  0.307734
258  1.919  -0.937703  0.24613
259  1.9245  -0.938891  0.18589
260  1.93  -0.939751  0.127007
261  1.9355  -0.940291  0.0694706
262  1.941  -0.940518  0.0132728
263  1.9465  -0.940439  -0.0415963
264  1.952  -0.940063  -0.0951464
265  1.9575  -0.939395  -0.147388
266  1.963  -0.938444  -0.198331
267  1.9685  -0.937216  -0.247986
268  1.974  -0.935719  -0.296364
269  1.9795  -0.933959  -0.343477
270  1.985  -0.931943  -0.389336
271  1.9905  -0.929679  -0.433952
272  1.996  -0.927172  -0.477338
273  2.0015  -0.92443  -0.519506
274  2.007  -0.92146  -0.560468
275  2.0125  -0.918268  -0.600237
276  2.018  -0.91486  -0.638825
277  2.0235  -0.911243  -0.676246
278  2.029  -0.907423  -0.712513
279  2.0345  -0.903408  -0.747639
280  2.04  -0.899202  -0.781637
281  2.0455  -0.894812  -0.814522
282  2.051  -0.890244  -0.846307
283  2.0565  -0.885504  -0.877006
284  2.062  -0.880599  -0.906633
285  2.0675  -0.875534  -0.935202
286  2.073  -0.870314  -0.962728
287  2.0785  -0.864946  -0.989224
288  2.084  -0.859434  -1.01471
289  2.0895  -0.853786  -1.03919
290  2.095  -0.848005  -1.06268
291  2.1005  -0.842098  -1.08521
292  2.106  -0.83607  -1.10678
293  2.1115  -0.829925  -1.12741
294  2.117  -0.82367  -1.14711
295  2.1225  -0.817309  -1.1659
296  2.128  -0.810847  -1.1838
297  2.1335  -0.804289  -1.20081
298  2.139  -0.797639  -1.21696
299  2.1445  -0.790904  -1.23225
300  2.15  -0.784086  -1.24671
301  2.1555  -0.777191  -1.26035
302  2.161  -0.770224  -1.27318
303  2.1665  -0.763188  -1.28522
304  2.172  -0.756088  -1.29649
305  2.1775  -0.748928  -1.30699
306  2.183  -0.741712  -1.31674
307  2.1885  -0.734445  -1.32577
308  2.194  -0.72713  -1.33407
309  2.1995  -0.719771  -1.34168
310  2.205  -0.712373  -1.34859
311  2.2105  -0.704938  -1.35484
312  2.216  -0.697471  -1.36042
313  2.2215  -0.689974  -1.36536
314  2.227  -0.682453  -1.36967
315  2.2325  -0.674909  -1.37337
316  2.238  -0.667347  -1.37646
317  2.2435  -0.659769  -1.37897
318  2.249  -0.652179  -1.38091
319  2.2545  -0.64458  -1.38228
320  2.26  -0.636975  -1.38311
321  2.2655  -0.629367  -1.38341
322  2.271  -0.621758  -1.3832
323  2.2765  -0.614152  -1.38248
324  2.282  -0.606552  -1.38126
325  2.2875  -0.598959  -1.37957
326  2.293  -0.591377  -1.37742
327  2.2985  -0.583808  -1.37482
328  2.304  -0.576255  -1.37177
329  2.3095  -0.568719  -1.36831
330  2.315  -0.561204  -1.36443
331  2.3205  -0.553711  -1.36014
332  2.326  -0.546243  -1.35547
333  2.3315  -0.538801  -1.35043
334  2.337  -0.531389  -1.34502
335  2.3425  -0.524007  -1.33926
336  2.348  -0.516657  -1.33316
337  2.3535  -0.509342  -1.32673
338  2.359  -0.502064  -1.31998
339  2.3645  -0.494823  -1.31293
340  2.37  -0.487622  -1.30559
341  2.3755  -0.480462  -1.29796
342  2.381  -0.473345  -1.29005
343  2.3865  -0.466271  -1.28189
344  2.392  -0.459244  -1.27347
345  2.3975  -0.452264  -1.26482
346  2.403  -0.445331  -1.25593
347  2.4085  -0.438449  -1.24682
348  2.414  -0.431616  -1.2375
349  2.4195  -0.424836  -1.22798
350  2.425  -0.418109  -1.21826
351  2.4305  -0.411436  -1.20837
352  2.436  -0.404817  -1.1983
353  2.4415  -0.398254  -1.18806
354  2.447  -0.391748  -1.17767
355  2.4525  -0.3853  -1.16714
356  2.458  -0.37891  -1.15646
357  2.4635  -0.372579  -1.14566
358  2.469  -0.366308  -1.13473
359  2.4745  -0.360097  -1.12369
360  2.48  -0.353947  -1.11254
361  2.4855  -0.347859  -1.10129
362  2.491  -0.341833  -1.08996
363  2.4965  -0.33587  -1.07854
364  2.502  -0.329969  -1.06704
365  2.5075  -0.324132  -1.05548
366  2.513  -0.318359  -1.04385
367  2.5185  -0.31265  -1.03217
368  2.524  -0.307005  -1.02044
369  2.5295  -0.301425  -1.00866
370  2.535  -0.295909  -0.99685
371  2.5405  -0.290459  -0.985009
372  2.546  -0.285074  -0.973142
373  2.5515  -0.279754  -0.961257
374  2.557  -0.2745  -0.949359
375  2.5625  -0.269311  -0.937453
376  2.568  -0.264188  -0.925544
377  2.5735  -0.25913  -0.913638
378  2.579  -0.254138  -0.90174
379  2.5845  -0.249211  -0.889854
380  2.59  -0.244349  -0.877986
381  2.5955  -0.239553  -0.86614
382  2.601  -0.234822  -0.854319
383  2.6065  -0.230155  -0.84253
384  2.612  -0.225553  -0.830775
385  2.6175  -0.221016  -0.819058
386  2.623  -0.216544  -0.807385
387  2.6285  -0.212135  -0.795757
388  2.634  -0.20779  -0.78418
389  2.6395  -0.203509  -0.772656
390  2.645  -0.199291  -0.761189
391  2.6505  -0.195135  -0.749782
392  2.656  -0.191043  -0.738437
393  2.6615  -0.187012  -0.727159
394  2.667  -0.183044  -0.71595
395  2.6725  -0.179137  -0.704813
396  2.678  -0.17529  -0.69375
397  2.6835  -0.171505  -0.682764
398  2.689  -0.16778  -0.671857
399  2.6945  -0.164114  -0.661031
400  2.7  -0.160508  -0.65029
401  2.7055  -0.156961  -0.639634
402  2.711  -0.153472  -0.629066
403  2.7165  -0.150041  -0.618587
404  2.722  -0.146667  -0.6082
405  2.7275  -0.14335  -0.597906
406  2.733  -0.14009  -0.587707
407  2.7385  -0.136885  -0.577604
408  2.744  -0.133736  -0.567599
409  2.7495  -0.130641  -0.557692
410  2.755  -0.127601  -0.547885
411  2.7605  -0.124614  -0.53818
412  2.766  -0.121681  -0.528577
413  2.7715  -0.1188  -0.519077
414  2.777  -0.115971  -0.509681
415  2.7825  -0.113193  -0.50039
416  2.788  -0.110466  -0.491205
417  2.7935  -0.107789  -0.482126
418  2.799  -0.105162  -0.473153
419  2.8045  -0.102584  -0.464288
420  2.81  -0.100055  -0.455531
421  2.8155  -0.0975732  -0.446882
422  2.821  -0.0951388  -0.438342
423  2.8265  -0.0927511  -0.42991
424  2.832  -0.0904095  -0.421587
425  2.8375  -0.0881134  -0.413373
426  2.843  -0.0858621  -0.405268
427  2.8485  -0.0836551  -0.397272
428  2.854  -0.0814918  -0.389385
429  2.8595  -0.0793716  -0.381607
430  2.865  -0.0772939  -0.373938
431  2.8705  -0.075258  -0.366378
432  2.876  -0.0732635  -0.358925
433  2.8815  -0.0713096  -0.351581
434  2.887  -0.0693958  -0.344345
435  2.8925  -0.0675215  -0.337216
436  2.898  -0.0656862  -0.330193
437  2.9035  -0.0638891  -0.323278
438  2.909  -0.0621298  -0.316468
439  2.9145  -0.0604077  -0.309763
440  2.92  -0.0587222  -0.303164
441  2.9255  -0.0570727  -0.296668
442  2.931  -0.0554586  -0.290276
443  2.9365  -0.0538794  -0.283987
444  2.942  -0.0523345  -0.277801
445  2.9475  -0.0508233  -0.271716
446  2.953  -0.0493454  -0.265731
447  2.9585  -0.0479  -0.259847
448  2.964  -0.0464868  -0.254061
449  2.9695  -0.0451051  -0.248375
450  2.975  -0.0437545  -0.242785
451  2.9805  -0.0424343  -0.237292
452  2.986  -0.041144  -0.231895
453  2.9915  -0.0398832  -0.226593
454  2.997  -0.0386513  -0.221385
455  3.0025  -0.0374478  -0.216269
456  3.008  -0.0362721  -0.211246
457  3.0135  -0.0351239  -0.206313
458  3.019  -0.0340025  -0.201471
459  3.0245  -0.0329075  -0.196718
460  3.03  -0.0318384  -0.192053
461  3.0355  -0.0307947  -0.187475
462  3.041  -0.029776  -0.182983
463  3.0465  -0.0287817  -0.178576
464  3.052  -0.0278114  -0.174253
465  3.0575  -0.0268647  -0.170013
466  3.063  -0.0259411  -0.165855
467  3.0685  -0.0250401  -0.161777
468  3.074  -0.0241614  -0.15778
469  3.0795  -0.0233044  -0.153861
470  3.085  -0.0224687  -0.15002
471  3.0905  -0.021654  -0.146255
472  3.096  -0.0208598  -0.142566
473  3.1015  -0.0200856  -0.138951
474  3.107  -0.0193312  -0.13541
475  3.1125  -0.018596  -0.131941
476  3.118  -0.0178797  -0.128543
477  3.1235  -0.0171818  -0.125215
478  3.129  -0.0165021  -0.121957
479  3.1345  -0.0158402  -0.118766
480  3.14  -0.0151956  -0.115643
481  3.1455  -0.014568  -0.112585
482  3.151  -0.013957  -0.109592
483  3.1565  -0.0133623  -0.106664
484  3.162  -0.0127836  -0.103798
485  3.1675  -0.0122204  -0.100994
486  3.173  -0.0116725  -0.0982501
487  3.1785  -0.0111395  -0.0955665
488  3.184  -0.0106212  -0.0929415
489  3.1895  -0.0101171  -0.0903744
490  3.195  -0.00962692  -0.0878639
491  3.2005  -0.00915044  -0.0854092
492  3.206  -0.00868731  -0.0830093
493  3.2115  -0.00823723  -0.0806632
494  3.217  -0.00779991  -0.0783699
495  3.2225  -0.00737506  -0.0761285
496  3.228  -0.00696239  -0.073938
497  3.2335  -0.00656164  -0.0717975
498  3.239  -0.00617252  -0.0697062
499  3.2445  -0.00579478  -0.067663
500  3.25  -0.00542814  -0.065667
501  3.2555  -0.00507235  -0.0637174
502  3.261  -0.00472716  -0.0618133
503  3.2665  -0.00439231  -0.0599538
504  3.272  -0.00406758  -0.0581381
505  3.2775  -0.00375271  -0.0563652
506  3.283  -0.00344748  -0.0546344
507  3.2885  -0.00315165  -0.0529448
508  3.294  -0.00286501  -0.0512956
509  3.2995  -0.00258733  -0.049686
510  3.305  -0.00231839  -0.0481152
511  3.3105  -0.00205799  -0.0465824
512  3.316  -0.00180591  -0.0450868
513  3.3215  -0.00156196  -0.0436277
514  3.327  -0.00132594  -0.0422043
515  3.3325  -0.00109765  -0.0408158
516  3.338  -0.000876904  -0.0394617
517  3.3435  -0.000663511  -0.038141
518  3.349  -0.000457292  -0.0368531
519  3.3545  -0.000258067  -0.0355974
520  3.36  -6.56624e-05  -0.0343731
521  3.3655  0.000120094  -0.0331796
522  3.371  0.000299368  -0.0320162
523  3.3765  0.000472325  -0.0308822
524  3.382  0.000639125  -0.029777
525  3.3875  0.000799923  -0.0287
526  3.393  0.000954874  -0.0276506
527  3.3985  0.00110413  -0.0266281
528  3.404  0.00124783  -0.025632
529  3.4095  0.00138613  -0.0246616
530  3.415  0.00151915  -0.0237165
531  3.4205  0.00164705  -0.022796
532  3.426  0.00176995  -0.0218995
533  3.4315  0.00188799  -0.0210266
534  3.437  0.00200128  -0.0201767
535  3.4425  0.00210997  -0.0193493
536  3.448  0.00221416  -0.0185438
537  3.4535  0.00231399  -0.0177598
538  3.459  0.00240956  -0.0169968
539  3.4645  0.00250099  -0.0162543
540  3.47  0.00258839  -0.0155318
541  3.4755  0.00267187  -0.0148288
542  3.481  0.00275154  -0.014145
543  3.4865  0.0028275  -0.0134798
544  3.492  0.00289985  -0.0128328
545  3.4975  0.00296869  -0.0122036
546  3.503  0.00303412  -0.0115918
547  3.5085  0.00309622  -0.0109969
548  3.514  0.00315511  -0.0104186
549  3.5195  0.00321086  -0.00985649
550  3.525  0.00326356  -0.00931016
551  3.5305  0.00331329  -0.00877925
552  3.536  0.00336015  -0.00826339
553  3.5415  0.00340421  -0.00776222
554  3.547  0.00344556  -0.00727538
555  3.5525  0.00348427  -0.00680255
556  3.558  0.00352041  -0.00634337
557  3.5635  0.00355406  -0.00589753
558  3.569  0.0035853  -0.00546471
559  3.5745  0.0036142  -0.00504458
560  3.58  0.00364081  -0.00463685
561  3.5855  0.00366522  -0.00424121
562  3.591  0.00368749  -0.00385738
563  3.5965  0.00370767  -0.00348506
564  3.602  0.00372584  -0.00312398
565  3.6075  0.00374205  -0.00277387
566  3.613  0.00375637  -0.00243446
567  3.6185  0.00376885  -0.00210549
568  3.624  0.00377954  -0.00178671
569  3.6295  0.00378852  -0.00147786
570  3.635  0.00379582  -0.00117871
571  3.6405  0.0038015  -0.000889021
572  3.646  0.00380561  -0.000608561
573  3.6515  0.0038082  -0.000337106
574  3.657  0.00380933  -7.44347e-05
575  3.6625  0.00380904  0.000179666
576  3.668  0.00380737  0.000425407
577  3.6735  0.00380437  0.000662993
578  3.679  0.00380009  0.000892622
579  3.6845  0.00379456  0.00111449
580  3.69  0.00378784  0.00132879
581  3.6955  0.00377996  0.0015357
582  3.701  0.00377096  0.00173541
583  3.7065  0.00376088  0.00192809
584  3.712  0.00374976  0.00211391
585  3.7175  0.00373764  0.00229305
586  3.723  0.00372454  0.00246567
587  3.7285  0.00371052  0.00263193
588  3.734  0.0036956  0.00279198
589  3.7395  0.00367982  0.00294598
590  3.745  0.00366321  0.00309407
591  3.7505  0.00364579  0.00323642
592  3.756  0.00362761  0.00337314
593  3.7615  0.0036087  0.00350439
594  3.767  0.00358907  0.0036303
595  3.7725  0.00356877  0.003751
596  3.778  0.00354782  0.00386663
597  3.7835  0.00352625  0.0039773
598  3.789  0.00350408  0.00408314
599  3.7945  0.00348134  0.00418427
600  3.8  0.00345806  0.00428081
601  3.8055  0.00343426  0.00437287
602  3.811  0.00340997  0.00446057
603  3.8165  0.0033852  0.00454401
604  3.822  0.00335999  0.00462331
605  3.8275  0.00333435  0.00469855
606  3.833  0.00330831  0.00476986
607  3.8385  0.00328189  0.00483732
608  3.844  0.00325511  0.00490104
609  3.8495  0.00322798  0.00496111
610  3.855  0.00320054  0.00501762
611  3.8605  0.0031728  0.00507067
612  3.866  0.00314477  0.00512033
613  3.8715  0.00311648  0.00516671
614  3.877  0.00308794  0.00520988
615  3.8825  0.00305918  0.00524993
616  3.888  0.0030302  0.00528694
617  3.8935  0.00300102  0.00532099
618  3.899  0.00297167  0.00535216
619  3.9045  0.00294216  0.00538051
620  3.91  0.00291249  0.00540614
621  3.9155  0.00288269  0.00542911
622  3.921  0.00285278  0.00544948
623  3.9265  0.00282276  0.00546734
624  3.932  0.00279264  0.00548275
625  3.9375  0.00276245  0.00549578
626  3.943  0.00273219  0.00550648
627  3.9485  0.00270188  0.00551494
628  3.954  0.00267153  0.0055212
629  3.9595  0.00264116  0.00552534
630  3.965  0.00261076  0.0055274
631  3.9705  0.00258036  0.00552746
632  3.976  0.00254996  0.00552557
633  3.9815  0.00251958  0.00552178
634  3.987  0.00248923  0.00551615
635  3.9925  0.00245891  0.00550874
636  3.998  0.00242864  0.00549959
637  4.0035  0.00239842  0.00548877
638  4.009  0.00236826  0.00547632
639  4.0145  0.00233818  0.00546229
640  4.02  0.00230818  0.00544674
641  4.0255  0.00227827  0.0054297
642  4.031  0.00224846  0.00541123
643  4.0365  0.00221875  0.00539138
644  4.042  0.00218916  0.00537019
645  4.0475  0.00215969  0.0053477
646  4.053  0.00213034  0.00532396
647  4.0585  0.00210113  0.00529902
648  4.064  0.00207205  0.0052729
649  4.0695  0.00204313  0.00524567
650  4.075  0.00201436  0.00521734
651  4.0805  0.00198574  0.00518798
652  4.086  0.00195729  0.00515761
653  4.0915  0.00192901  0.00512627
654  4.097  0.00190091  0.00509401
655  4.1025  0.00187298  0.00506085
656  4.108  0.00184524  0.00502684
657  4.1135  0.00181769  0.004992
658  4.119  0.00179033  0.00495638
659  4.1245  0.00176317  0.00492001
660  4.13  0.00173622  0.00488292
661  4.1355  0.00170946  0.00484515
662  4.141  0.00168292  0.00480672
663  4.1465  0.00165659  0.00476767
664  4.152  0.00163048  0.00472803
665  4.1575  0.00160459  0.00468783
666  4.163  0.00157892  0.0046471
667  4.1685  0.00155347  0.00460587
668  4.174  0.00152826  0.00456417
669  4.1795  0.00150327  0.00452201
670  4.185  0.00147852  0.00447945
671  4.1905  0.001454  0.00443649
672  4.196  0.00142972  0.00439316
673  4.2015  0.00140568  0.0043495
674  4.207  0.00138188  0.00430552
675  4.2125  0.00135832  0.00426125
676  4.218  0.00133501  0.00421672
677  4.2235  0.00131194  0.00417195
678  4.229  0.00128912  0.00412695
679  4.2345  0.00126655  0.00408176
680  4.24  0.00124422  0.0040364
681  4.2455  0.00122215  0.00399088
682  4.251  0.00120033  0.00394523
683  4.2565  0.00117875  0.00389948
684  4.262  0.00115743  0.00385362
685  4.2675  0.00113637  0.0038077
686  4.273  0.00111555  0.00376173
687  4.2785  0.00109499  0.00371572
688  4.284  0.00107468  0.00366969
689  4.2895  0.00105463  0.00362367
690  4.295  0.00103482  0.00357767
691  4.3005  0.00101527  0.0035317
692  4.306  0.000995978  0.00348579
693  4.3115  0.000976933  0.00343994
694  4.317  0.000958141  0.00339418
695  4.3225  0.000939599  0.00334852
696  4.328  0.000921309  0.00330297
697  4.3335  0.000903269  0.00325754
698  4.339  0.000885478  0.00321226
699  4.3445  0.000867936  0.00316714
700  4.35  0.000850642  0.00312218
701  4.3555  0.000833595  0.0030774
702  4.361  0.000816793  0.00303282
703  4.3665  0.000800236  0.00298844
704  4.372  0.000783922  0.00294428
705  4.3775  0.000767851  0.00290034
706  4.383  0.00075202  0.00285664
707  4.3885  0.000736429  0.00281319
708  4.394  0.000721077  0.00277
709  4.3995  0.000705961  0.00272708
710  4.405  0.000691081  0.00268443
711  4.4105  0.000676434  0.00264207
712  4.416  0.00066202  0.0026
713  4.4215  0.000647836  0.00255824
714  4.427  0.000633881  0.00251678
715  4.4325  0.000620153  0.00247565
716  4.438  0.000606651  0.00243484
717  4.4435  0.000593372  0.00239436
718  4.449  0.000580314  0.00235422
719  4.4545  0.000567477  0.00231442
720  4.46  0.000554857  0.00227497
721  4.4655  0.000542454  0.00223588
722  4.471  0.000530264  0.00219716
723  4.4765  0.000518286  0.0021588
724  4.482  0.000506519  0.00212081
725  4.4875  0.000494959  0.00208319
726  4.493  0.000483605  0.00204596
727  4.4985  0.000472455  0.00200911
728  4.504  0.000461506  0.00197265
729  4.5095  0.000450757  0.00193657
730  4.515  0.000440205  0.0019009
731  4.5205  0.000429848  0.00186562
732  4.526  0.000419684  0.00183073
733  4.5315  0.000409711  0.00179626
734  4.537  0.000399927  0.00176218
735  4.5425  0.000390328  0.00172851
736  4.548  0.000380914  0.00169525
737  4.5535  0.000371682  0.0016624
738  4.559  0.000362629  0.00162996
739  4.5645  0.000353753  0.00159793
740  4.57  0.000345053  0.00156631
741  4.5755  0.000336525  0.0015351
742  4.581  0.000328167  0.00150431
743  4.5865  0.000319978  0.00147393
744  4.592  0.000311955  0.00144397
745  4.5975  0.000304095  0.00141442
746  4.603  0.000296397  0.00138528
747  4.6085  0.000288858  0.00135655
748  4.614  0.000281476  0.00132824
749  4.6195  0.000274248  0.00130034
750  4.625  0.000267173  0.00127284
751  4.6305  0.000260248  0.00124576
752  4.636  0.00025347  0.00121908
753  4.6415  0.000246838  0.00119281
754  4.647  0.00024035  0.00116695
755  4.6525  0.000234003  0.00114148
756  4.658  0.000227794  0.00111642
757  4.6635  0.000221723  0.00109176
758  4.669  0.000215786  0.00106749
759  4.6745  0.000209981  0.00104362
760  4.68  0.000204306  0.00102014
761  4.6855  0.00019876  0.000997051
762  4.691  0.000193339  0.000974349
763  4.6965  0.000188042  0.000952032
764  4.702  0.000182867  0.000930097
765  4.7075  0.000177812  0.00090854
766  4.713  0.000172874  0.00088736
767  4.7185  0.000168051  0.000866553
768  4.724  0.000163342  0.000846115
769  4.7295  0.000158744  0.000826045
770  4.735  0.000154256  0.000806338
771  4.7405  0.000149875  0.000786991
772  4.746  0.0001456  0.000768001
773  4.7515  0.000141427  0.000749364
774  4.757  0.000137357  0.000731077
775  4.7625  0.000133386  0.000713137
776  4.768  0.000129513  0.000695539
777  4.7735  0.000125735  0.000678279
778  4.779  0.000122052  0.000661355
779  4.7845  0.000118461  0.000644763
780  4.79  0.00011496  0.000628498
781  4.7955  0.000111547  0.000612557
782  4.801  0.000108222  0.000596936
783  4.8065  0.000104981  0.000581631
784  4.812  0.000101824  0.000566638
785  4.8175  9.87484e-05  0.000551953
786  4.823  9.57528e-05  0.000537572
787  4.8285  9.28353e-05  0.000523491
788  4.834  8.99945e-05  0.000509706
789  4.8395  8.72287e-05  0.000496214
790  4.845  8.45363e-05  0.00048301
791  4.8505  8.19157e-05  0.000470089
792  4.856  7.93654e-05  0.000457449
793  4.8615  7.68839e-05  0.000445084
794  4.867  7.44696e-05  0.000432992
795  4.8725  7.21211e-05  0.000421167
796  4.878  6.98368e-05  0.000409606
797  4.8835  6.76155e-05  0.000398304
798  4.889  6.54556e-05  0.000387258
799  4.8945  6.33557e-05  0.000376464
800  4.9  6.13145e-05  0.000365917
801  4.9055  5.93306e-05  0.000355614
802  4.911  5.74028e-05  0.000345551
803  4.9165  5.55296e-05  0.000335723
804  4.922  5.37098e-05  0.000326127
805  4.9275  5.19422e-05  0.000316758
806  4.933  5.02255e-05  0.000307613
807  4.9385  4.85585e-05  0.000298688
808  4.944  4.694e-05  0.000289979
809  4.9495  4.53687e-05  0.000281482
810  4.955  4.38436e-05  0.000273194
811  4.9605  4.23636e-05  0.00026511
812  4.966  4.09274e-05  0.000257226
813  4.9715  3.95341e-05  0.00024954
814  4.977  3.81824e-05  0.000242047
815  4.9825  3.68715e-05  0.000234743
816  4.988  3.56002e-05  0.000227626
817  4.9935  3.43676e-05  0.000220691
818  4.999  3.31726e-05  0.000213934
819  5.0045  3.20143e-05  0.000207353
820  5.01  3.08917e-05  0.000200944
821  5.0155  2.98038e-05  0.000194703
822  5.021  2.87499e-05  0.000188626
823  5.0265  2.77289e-05  0.000182712
824  5.032  2.674e-05  0.000176955
825  5.0375  2.57823e-05  0.000171353
826  5.043  2.4855e-05  0.000165903
827  5.0485  2.39573e-05  0.0001606
828  5.054  2.30883e-05  0.000155443
829  5.0595  2.22474e-05  0.000150428
830  5.065  2.14336e-05  0.000145552
831  5.0705  2.06462e-05  0.000140812
832  5.076  1.98846e-05  0.000136204
833  5.0815  1.91479e-05  0.000131726
834  5.087  1.84355e-05  0.000127375
835  5.0925  1.77467e-05  0.000123148
836  5.098  1.70808e-05  0.000119042
837  5.1035  1.64371e-05  0.000115054
838  5.109  1.58151e-05  0.000111182
839  5.1145  1.5214e-05  0.000107423
840  5.12  1.46333e-05  0.000103773
841  5.1255  1.40724e-05  0.000100232
842  5.131  1.35307e-05  9.67949e-05
843  5.1365  1.30076e-05  9.34605e-05
844  5.142  1.25025e-05  9.02259e-05
845  5.1475  1.2015e-05  8.70887e-05
846  5.153  1.15445e-05  8.40465e-05
847  5.1585  1.10904e-05  8.1097e-05
848  5.164  1.06523e-05  7.82376e-05
849  5.1695  1.02297e-05  7.54663e-05
850  5.175  9.82208e-06  7.27807e-05
851  5.1805  9.429e-06  7.01786e-05
852  5.186  9.05001e-06  6.76579e-05
853  5.1915  8.68467e-06  6.52165e-05
854  5.197  8.33254e-06  6.28522e-05
855  5.2025  7.9932e-06  6.0563e-05
856  5.208  7.66625e-06  5.83469e-05
857  5.2135  7.35129e-06  5.6202e-05
858  5.219  7.04793e-06  5.41263e-05
859  5.2245  6.7558e-06  5.2118e-05
860  5.23  6.47454e-06  5.01751e-05
861  5.2355  6.20378e-06  4.8296e-05
862  5.241  5.94318e-06  4.64788e-05
863  5.2465  5.69242e-06  4.47218e-05
864  5.252  5.45115e-06  4.30234e-05
865  5.2575  5.21907e-06  4.13817e-05
866  5.263  4.99586e-06  3.97954e-05
867  5.2685  4.78123e-06  3.82627e-05
868  5.274  4.57488e-06  3.67821e-05
869  5.2795  4.37653e-06  3.53521e-05
870  5.285  4.18592e-06  3.39712e-05
871  5.2905  4.00276e-06  3.2638e-05
872  5.296  3.82681e-06  3.13511e-05
873  5.3015  3.65781e-06  3.01091e-05
874  5.307  3.49552e-06  2.89106e-05
875  5.3125  3.33971e-06  2.77543e-05
876  5.318  3.19014e-06  2.66391e-05
877  5.3235  3.04659e-06  2.55635e-05
878  5.329  2.90886e-06  2.45264e-05
879  5.3345  2.77672e-06  2.35267e-05
880  5.34  2.64998e-06  2.2563e-05
881  5.3455  2.52844e-06  2.16345e-05
882  5.351  2.41192e-06  2.07398e-05
883  5.3565  2.30023e-06  1.98779e-05
884  5.362  2.19319e-06  1.90479e-05
885  5.3675  2.09062e-06  1.82487e-05
886  5.373  1.99237e-06  1.74792e-05
887  5.3785  1.89828e-06  1.67386e-05
888  5.384  1.80817e-06  1.60259e-05
889  5.3895  1.72192e-06  1.53401e-05
890  5.395  1.63936e-06  1.46805e-05
891  5.4005  1.56036e-06  1.40461e-05
892  5.406  1.48478e-06  1.3436e-05
893  5.4115  1.41249e-06  1.28496e-05
894  5.417  1.34337e-06  1.22859e-05
895  5.4225  1.27728e-06  1.17442e-05
896  5.428  1.21412e-06  1.12238e-05
897  5.4335  1.15375e-06  1.07239e-05
898  5.439  1.09609e-06  1.02438e-05
899  5.4445  1.04101e-06  9.78288e-06
900  5.45  9.88413e-07  9.3404e-06
901  5.4555  9.38203e-07  8.91574e-06
902  5.461  8.9028e-07  8.50826e-06
903  5.4665  8.44552e-07  8.11737e-06
904  5.472  8.0093e-07  7.74246e-06
905  5.4775  7.59327e-07  7.38297e-06
906  5.483  7.1966e-07  7.03833e-06
907  5.4885  6.8185e-07  6.70802e-06
908  5.494  6.45817e-07  6.3915e-06
909  5.4995  6.11489e-07  6.08828e-06
910  5.505  5.78793e-07  5.79785e-06
911  5.5105  5.47661e-07  5.51975e-06
912  5.516  5.18025e-07  5.25352e-06
913  5.5215  4.89822e-07  4.99871e-06
914  5.527  4.6299e-07  4.75489e-06
915  5.5325  4.3747e-07  4.52164e-06
916  5.538  4.13204e-07  4.29856e-06
917  5.5435  3.90139e-07  4.08526e-06
918  5.549  3.68221e-07  3.88136e-06
919  5.5545  3.47399e-07  3.6865e-06
920  5.56  3.27625e-07  3.50033e-06
921  5.5655  3.08852e-07  3.3225e-06
922  5.571  2.91035e-07  3.15268e-06
923  5.5765  2.74131e-07  2.99056e-06
924  5.582  2.58099e-07  2.83583e-06
925  5.5875  2.42897e-07  2.68819e-06
926  5.593  2.28489e-07  2.54736e-06
927  5.5985  2.14838e-07  2.41305e-06
928  5.604  2.01908e-07  2.28501e-06
929  5.6095  1.89666e-07  2.16298e-06
930  5.615  1.7808e-07  2.0467e-06
931  5.6205  1.67118e-07  1.93595e-06
932  5.626  1.5675e-07  1.83048e-06
933  5.6315  1.46949e-07  1.73008e-06
934  5.637  1.37686e-07  1.63453e-06
935  5.6425  1.28937e-07  1.54362e-06
936  5.648  1.20675e-07  1.45716e-06
937  5.6535  1.12877e-07  1.37496e-06
938  5.659  1.0552e-07  1.29683e-06
939  5.6645  9.85822e-08  1.2226e-06
940  5.67  9.20426e-08  1.15208e-06
941  5.6755  8.58811e-08  1.08513e-06
942  5.681  8.00786e-08  1.02158e-06
943  5.6865  7.46167e-08  9.61279e-07
944  5.692  6.94782e-08  9.04084e-07
945  5.6975  6.46461e-08  8.49853e-07
946  5.703  6.01046e-08  7.98452e-07
947  5.7085  5.58386e-08  7.49752e-07
948  5.714  5.18334e-08  7.03628e-07
949  5.7195  4.80753e-08  6.59962e-07
950  5.725  4.4551e-08  6.18639e-07
951  5.7305  4.12479e-08  5.79549e-07
952  5.736  3.81542e-08  5.42587e-07
953  5.7415  3.52582e-08  5.07653e-07
954  5.747  3.25492e-08  4.74649e-07
955  5.7525  3.00169e-08  4.43483e-07
956  5.758  2.76512e-08  4.14065e-07
957  5.7635  2.54429e-08  3.86311e-07
958  5.769  2.3383e-08  3.6014e-07
959  5.7745  2.1463e-08  3.35472e-07
960  5.78  1.9675e-08  3.12233e-07
961  5.7855  1.80111e-08  2.90353e-07
962  5.791  1.64641e-08  2.69761e-07
963  5.7965  1.50272e-08  2.50394e-07
964  5.802  1.36937e-08  2.32189e-07
965  5.8075  1.24574e-08  2.15085e-07
966  5.813  1.13124e-08  1.99026e-07
967  5.8185  1.02532e-08  1.83956e-07
968  5.824  9.27439e-09  1.69825e-07
969  5.8295  8.37099e-09  1.56583e-07
970  5.835  7.53822e-09  1.44181e-07
971  5.8405  6.77159e-09  1.32575e-07
972  5.846  6.06685e-09  1.21722e-07
973  5.8515  5.41996e-09  1.11579e-07
974  5.857  4.82712e-09  1.0211e-07
975  5.8625  4.28473e-09  9.32746e-08
976  5.868  3.78939e-09  8.5039e-08
977  5.8735  3.33791e-09  7.73688e-08
978  5.879  2.92726e-09  7.02318e-08
979  5.8845  2.55459e-09  6.35974e-08
980  5.89  2.21721e-09  5.74365e-08
981  5.8955  1.9126e-09  5.17214e-08
982  5.901  1.63837e-09  4.64257e-08
983  5.9065  1.39228e-09  4.15243e-08
984  5.912  1.17224e-09  3.69937e-08
985  5.9175  9.76252e-10  3.28112e-08
986  5.923  8.02469e-10  2.89555e-08
987  5.9285  6.49147e-10  2.54063e-08
988  5.934  5.1465e-10  2.21443e-08
989  5.9395  3.97448e-10  1.91515e-08
990  5.945  2.96105e-10  1.64104e-08
991  5.9505  2.0928e-10  1.39049e-08
992  5.956  1.35718e-10  1.16194e-08
993  5.9615  7.42489e-11  9.5394e-09
994  5.967  2.37775e-11  7.65104e-09
995  5.9725  -1.67156e-11  5.9413e-09
996  5.978  -4.81805e-11  4.39786e-09
997  5.9835  -7.15014e-11  3.00908e-09
998  5.989  -8.75004e-11  1.76402e-09
999  5.9945  -9.69412e-11  6.5232e-10
1000  6  -1.00532e-10  -3.35744e-10
